5 2.0 1.0 0.295627523.0 1.1 0.162545924.0 1.2 0.24125824
10 2.0 1.0 0.327358723.0 1.1 0.138865924.0 1.2 0.23178624
15 2.0 1.0 0.320065283.0 1.1 0.154684164.0 1.2 0.22184064
20 2.0 1.0 0.358332163.0 1.1 0.146443524.0 1.2 0.19332992
25 2.0 1.0 0.32063363.0 1.1 0.155252484.0 1.2 0.218336
30 2.0 1.0 0.30405763.0 1.1 0.16576644.0 1.2 0.22534528
35 2.0 1.0 0.303015683.0 1.1 0.174954244.0 1.2 0.21539968
40 2.0 1.0 0.305667843.0 1.1 0.181016324.0 1.2 0.20621184
45 2.0 1.0 0.273652483.0 1.1 0.187267844.0 1.2 0.23434368
50 2.0 1.0 0.285681923.0 1.1 0.181016324.0 1.2 0.22667136
55 2.0 1.0 0.307941123.0 1.1 0.138202884.0 1.2 0.2434368
60 2.0 1.0 0.311445763.0 1.1 0.138108164.0 1.2 0.23803776
65 2.0 1.0 0.31116163.0 1.1 0.140760324.0 1.2 0.2339648
70 2.0 1.0 0.29505923.0 1.1 0.178364164.0 1.2 0.21464192
75 2.0 1.0 0.277725443.0 1.1 0.203086084.0 1.2 0.20403328
80 2.0 1.0 0.329347843.0 1.1 0.141518084.0 1.2 0.19692928
85 2.0 1.0 0.330200323.0 1.1 0.141896964.0 1.2 0.19399296
90 2.0 1.0 0.308414723.0 1.1 0.18376324.0 1.2 0.1795008
95 2.0 1.0 0.307467523.0 1.1 0.176375044.0 1.2 0.18480512
100 2.0 1.0 0.189256963.0 1.1 0.132424964.0 1.2 0.36676224
105 2.0 1.0 0.236048643.0 1.1 0.128067844.0 1.2 0.32375936
110 2.0 1.0 0.27090563.0 1.1 0.09567364.0 1.2 0.3206336
115 2.0 1.0 0.232354563.0 1.1 0.125415684.0 1.2 0.32840064
120 2.0 1.0 0.234722563.0 1.1 0.123900164.0 1.2 0.32641152
125 2.0 1.0 0.24391043.0 1.1 0.182247684.0 1.2 0.23405952
130 2.0 1.0 0.23680643.0 1.1 0.191719684.0 1.2 0.23169152
135 2.0 1.0 0.240405763.0 1.1 0.188404484.0 1.2 0.24779392
140 2.0 1.0 0.236143363.0 1.1 0.193045764.0 1.2 0.22894464
145 2.0 1.0 0.242584323.0 1.1 0.16908164.0 1.2 0.2424896
150 2.0 1.0 0.261338883.0 1.1 0.13687684.0 1.2 0.26418048
155 2.0 1.0 0.255655683.0 1.1 0.142370564.0 1.2 0.24286848
160 2.0 1.0 0.255466243.0 1.1 0.139813124.0 1.2 0.24372096
165 2.0 1.0 0.256129283.0 1.1 0.140286724.0 1.2 0.24068992
170 2.0 1.0 0.259444483.0 1.1 0.137160964.0 1.2 0.23879552
175 2.0 1.0 0.263138563.0 1.1 0.13640324.0 1.2 0.23387008
180 2.0 1.0 0.261528323.0 1.1 0.133656324.0 1.2 0.23661696
185 2.0 1.0 0.2656963.0 1.1 0.132519684.0 1.2 0.23178624
190 2.0 1.0 0.265032963.0 1.1 0.132519684.0 1.2 0.23169152
195 2.0 1.0 0.215683843.0 1.1 0.214357764.0 1.2 0.2150208
200 2.0 1.0 0.215683843.0 1.1 0.212273924.0 1.2 0.2154944
205 2.0 1.0 0.228565763.0 1.1 0.175901444.0 1.2 0.22837632
210 2.0 1.0 0.23349123.0 1.1 0.173438724.0 1.2 0.22411392
215 2.0 1.0 0.180258563.0 1.1 0.22496644.0 1.2 0.23282816
220 2.0 1.0 0.235669763.0 1.1 0.169460484.0 1.2 0.22221952
225 2.0 1.0 0.237658883.0 1.1 0.154589444.0 1.2 0.22837632
230 2.0 1.0 0.2420163.0 1.1 0.151179524.0 1.2 0.22146176
235 2.0 1.0 0.245425923.0 1.1 0.147674884.0 1.2 0.2197568
240 2.0 1.0 0.244762883.0 1.1 0.149948164.0 1.2 0.21625216
245 2.0 1.0 0.247130883.0 1.1 0.146538244.0 1.2 0.21558912
250 2.0 1.0 0.248456963.0 1.1 0.144549124.0 1.2 0.21445248
255 2.0 1.0 0.246373123.0 1.1 0.144738564.0 1.2 0.21445248
260 2.0 1.0 0.247793923.0 1.1 0.143128324.0 1.2 0.21293696
265 2.0 1.0 0.247509763.0 1.1 0.14161284.0 1.2 0.21284224
270 2.0 1.0 0.251677443.0 1.1 0.138581764.0 1.2 0.20914816
275 2.0 1.0 0.250256643.0 1.1 0.140949764.0 1.2 0.2060224
280 2.0 1.0 0.24959363.0 1.1 0.138013444.0 1.2 0.2074432
285 2.0 1.0 0.252719363.0 1.1 0.135171844.0 1.2 0.20488576
290 2.0 1.0 0.251866883.0 1.1 0.13735044.0 1.2 0.20138112
295 2.0 1.0 0.253571843.0 1.1 0.13592964.0 1.2 0.1979712
300 2.0 1.0 0.2538563.0 1.1 0.136592644.0 1.2 0.194656
305 2.0 1.0 0.2538563.0 1.1 0.134603524.0 1.2 0.1941824
310 2.0 1.0 0.254045443.0 1.1 0.13214084.0 1.2 0.19427712
315 2.0 1.0 0.256981763.0 1.1 0.12977284.0 1.2 0.19162496
320 2.0 1.0 0.278672643.0 1.1 0.12645764.0 1.2 0.18489984
325 2.0 1.0 0.277725443.0 1.1 0.12645764.0 1.2 0.18347904
330 2.0 1.0 0.28037763.0 1.1 0.12645764.0 1.2 0.18215296
335 2.0 1.0 0.280945923.0 1.1 0.122574084.0 1.2 0.18006912
340 2.0 1.0 0.282935043.0 1.1 0.121816324.0 1.2 0.17987968
345 2.0 1.0 0.280472323.0 1.1 0.121816324.0 1.2 0.1771328
350 2.0 1.0 0.280756483.0 1.1 0.121816324.0 1.2 0.17419648
355 2.0 1.0 0.283598083.0 1.1 0.117175044.0 1.2 0.17400704
360 2.0 1.0 0.281608963.0 1.1 0.117175044.0 1.2 0.17400704
365 2.0 1.0 0.283882243.0 1.1 0.117175044.0 1.2 0.16936576
370 2.0 1.0 0.28416643.0 1.1 0.11556484.0 1.2 0.16803968
375 2.0 1.0 0.284829443.0 1.1 0.112628484.0 1.2 0.16803968
380 2.0 1.0 0.283029763.0 1.1 0.112628484.0 1.2 0.16794496
385 2.0 1.0 0.275546883.0 1.1 0.123521284.0 1.2 0.16377728
390 2.0 1.0 0.206685443.0 1.1 0.168039684.0 1.2 0.16803968
395 2.0 1.0 0.209527043.0 1.1 0.168039684.0 1.2 0.16301952
400 2.0 1.0 0.21265283.0 1.1 0.163682564.0 1.2 0.16216704
405 2.0 1.0 0.211516163.0 1.1 0.162167044.0 1.2 0.16216704
410 2.0 1.0 0.2088643.0 1.1 0.162167044.0 1.2 0.16188288
415 2.0 1.0 0.21217923.0 1.1 0.161788164.0 1.2 0.15638912
420 2.0 1.0 0.215304963.0 1.1 0.156483844.0 1.2 0.15638912
425 2.0 1.0 0.212842243.0 1.1 0.156389124.0 1.2 0.15638912
430 2.0 1.0 0.21170563.0 1.1 0.156389124.0 1.2 0.15458944
435 2.0 1.0 0.21502083.0 1.1 0.154494724.0 1.2 0.15070592
440 2.0 1.0 0.216346883.0 1.1 0.150705924.0 1.2 0.15070592
445 2.0 1.0 0.213694723.0 1.1 0.154021124.0 1.2 0.15051648
450 2.0 1.0 0.214168323.0 1.1 0.150705924.0 1.2 0.14720128
455 2.0 1.0 0.21170563.0 1.1 0.150516484.0 1.2 0.15051648
460 2.0 1.0 0.217199363.0 1.1 0.145117444.0 1.2 0.14511744
465 2.0 1.0 0.213978883.0 1.1 0.145117444.0 1.2 0.14511744
470 2.0 1.0 0.216157443.0 1.1 0.145117444.0 1.2 0.14028672
475 2.0 1.0 0.218999043.0 1.1 0.14066564.0 1.2 0.13962368
480 2.0 1.0 0.238037763.0 1.1 0.139623684.0 1.2 0.13460352
485 2.0 1.0 0.238321923.0 1.1 0.136497924.0 1.2 0.13422464
490 2.0 1.0 0.238511363.0 1.1 0.134224644.0 1.2 0.13422464
495 2.0 1.0 0.236522243.0 1.1 0.134224644.0 1.2 0.13384576
500 2.0 1.0 0.239742723.0 1.1 0.133277444.0 1.2 0.12892032
505 2.0 1.0 0.240026883.0 1.1 0.129204484.0 1.2 0.12892032
510 2.0 1.0 0.23775363.0 1.1 0.128920324.0 1.2 0.12892032
515 2.0 1.0 0.237848323.0 1.1 0.128920324.0 1.2 0.12607872
520 2.0 1.0 0.216157443.0 1.1 0.128920324.0 1.2 0.1269312
525 2.0 1.0 0.21644163.0 1.1 0.1283524.0 1.2 0.123616
530 2.0 1.0 0.210663683.0 1.1 0.12503684.0 1.2 0.12390016
535 2.0 1.0 0.206590723.0 1.1 0.123710724.0 1.2 0.1264576
540 2.0 1.0 0.20270723.0 1.1 0.123710724.0 1.2 0.12749952
545 2.0 1.0 0.20270723.0 1.1 0.122858244.0 1.2 0.12427904
550 2.0 1.0 0.20128643.0 1.1 0.118595844.0 1.2 0.12702592
555 2.0 1.0 0.195887363.0 1.1 0.118595844.0 1.2 0.12948864
560 2.0 1.0 0.20270723.0 1.1 0.11840644.0 1.2 0.128352
565 2.0 1.0 0.194845443.0 1.1 0.113575684.0 1.2 0.12873088
570 2.0 1.0 0.194750723.0 1.1 0.118027524.0 1.2 0.12948864
575 2.0 1.0 0.18707843.0 1.1 0.11224964.0 1.2 0.13204608
580 2.0 1.0 0.18707843.0 1.1 0.108650244.0 1.2 0.13157248
585 2.0 1.0 0.18707843.0 1.1 0.108081924.0 1.2 0.1292992
590 2.0 1.0 0.186320643.0 1.1 0.103819524.0 1.2 0.13147776
595 2.0 1.0 0.181300483.0 1.1 0.103819524.0 1.2 0.13365632
600 2.0 1.0 0.179311363.0 1.1 0.103819524.0 1.2 0.13100416
605 2.0 1.0 0.179311363.0 1.1 0.101451524.0 1.2 0.13015168
610 2.0 1.0 0.176564483.0 1.1 0.099083524.0 1.2 0.1321408
615 2.0 1.0 0.171639043.0 1.1 0.099083524.0 1.2 0.13431936
620 2.0 1.0 0.171639043.0 1.1 0.099083524.0 1.2 0.12986752
625 2.0 1.0 0.171639043.0 1.1 0.094442244.0 1.2 0.13100416
630 2.0 1.0 0.166618883.0 1.1 0.094442244.0 1.2 0.13289856
635 2.0 1.0 0.164061443.0 1.1 0.094442244.0 1.2 0.13242496
640 2.0 1.0 0.164061443.0 1.1 0.0928324.0 1.2 0.12939392
645 2.0 1.0 0.161788163.0 1.1 0.089895684.0 1.2 0.13157248
650 2.0 1.0 0.156957443.0 1.1 0.089895684.0 1.2 0.13157248
655 2.0 1.0 0.090748163.0 1.1 0.09425284.0 1.2 0.12588928
660 2.0 1.0 0.088948483.0 1.1 0.089232644.0 1.2 0.1255104
665 2.0 1.0 0.088285443.0 1.1 0.085443844.0 1.2 0.1255104
670 2.0 1.0 0.088190723.0 1.1 0.088853764.0 1.2 0.12560512
675 2.0 1.0 0.084970243.0 1.1 0.085443844.0 1.2 0.12001664
680 2.0 1.0 0.085822723.0 1.1 0.085443844.0 1.2 0.11954304
685 2.0 1.0 0.086012163.0 1.1 0.08193924.0 1.2 0.11954304
690 2.0 1.0 0.085538563.0 1.1 0.081086724.0 1.2 0.1169856
695 2.0 1.0 0.084212483.0 1.1 0.081086724.0 1.2 0.11404928
700 2.0 1.0 0.085443843.0 1.1 0.081086724.0 1.2 0.1136704
705 2.0 1.0 0.085917443.0 1.1 0.080328964.0 1.2 0.1136704
710 2.0 1.0 0.086959363.0 1.1 0.076824324.0 1.2 0.11300736
715 2.0 1.0 0.087527683.0 1.1 0.08004484.0 1.2 0.11120768
720 2.0 1.0 0.086769923.0 1.1 0.076824324.0 1.2 0.10789248
725 2.0 1.0 0.087243523.0 1.1 0.076824324.0 1.2 0.10789248
730 2.0 1.0 0.090274563.0 1.1 0.073603844.0 1.2 0.10789248
735 2.0 1.0 0.088948483.0 1.1 0.072656644.0 1.2 0.10618752
740 2.0 1.0 0.08999043.0 1.1 0.072656644.0 1.2 0.10220928
745 2.0 1.0 0.0904643.0 1.1 0.072656644.0 1.2 0.10220928
750 2.0 1.0 0.091505923.0 1.1 0.072656644.0 1.2 0.10220928
755 2.0 1.0 0.092168963.0 1.1 0.068583684.0 1.2 0.10220928
760 2.0 1.0 0.091316483.0 1.1 0.068583684.0 1.2 0.09974656
765 2.0 1.0 0.091790083.0 1.1 0.068583684.0 1.2 0.0966208
770 2.0 1.0 0.0928323.0 1.1 0.068583684.0 1.2 0.0966208
775 2.0 1.0 0.093400323.0 1.1 0.068583684.0 1.2 0.0966208
780 2.0 1.0 0.094442243.0 1.1 0.065552644.0 1.2 0.0966208
785 2.0 1.0 0.093400323.0 1.1 0.064605444.0 1.2 0.09491584
790 2.0 1.0 0.09523.0 1.1 0.064605444.0 1.2 0.09122176
795 2.0 1.0 0.095957763.0 1.1 0.067541764.0 1.2 0.09349504
800 2.0 1.0 0.096526083.0 1.1 0.064605444.0 1.2 0.09112704
