0.10000000000000001 	 1 	1 	1 
0.13 	 1 	1 	1 
0.16 	 1 	1 	1 
0.19 	 1 	1 	1 
0.22 	 1 	1 	1 
0.25 	 1 	1 	1 
0.28000000000000003 	 1 	1 	1 
0.31000000000000005 	 1 	1 	1 
0.34000000000000008 	 1 	1 	1 
0.37000000000000011 	 1 	1 	1 
0.40000000000000013 	 1 	1 	1 
0.43000000000000016 	 1 	1 	1 
0.46000000000000019 	 1 	1 	1 
0.49000000000000021 	 1 	1 	1 
0.52000000000000024 	 1 	1 	1 
0.55000000000000027 	 1 	1 	1 
0.58000000000000029 	 1 	1 	1 
0.61000000000000032 	 1 	1 	1 
0.64000000000000035 	 1 	1 	1 
0.67000000000000037 	 1 	1 	1 
0.7000000000000004 	 1 	1 	1 
0.73000000000000043 	 1 	1 	1 
0.76000000000000045 	 1 	1 	1 
0.79000000000000048 	 1 	1 	1 
0.82000000000000051 	 1 	1 	1 
0.85000000000000053 	 1 	1 	1 
0.88000000000000056 	 1 	1 	1 
0.91000000000000059 	 1 	1 	1 
0.94000000000000061 	 1 	1 	1 
0.97000000000000064 	 1 	1 	1 
1.0000000000000007 	 1 	1 	1 
1.0300000000000007 	 1 	1 	1 
1.0600000000000007 	 1 	1 	1 
1.0900000000000007 	 1 	1 	1 
1.1200000000000008 	 1 	1 	1 
1.1500000000000008 	 1 	1 	1 
1.1800000000000008 	 1 	1 	1 
1.2100000000000009 	 1 	1 	1 
1.2400000000000009 	 1 	1 	1 
1.2700000000000009 	 1 	1 	1 
1.3000000000000009 	 1 	1 	1 
1.330000000000001 	 1 	1 	1 
1.360000000000001 	 1 	1 	1 
1.390000000000001 	 1 	1 	1 
1.420000000000001 	 1 	1 	1 
1.4500000000000011 	 1 	1 	1 
1.4800000000000011 	 1 	1 	1 
1.5100000000000011 	 1 	1 	1 
1.5400000000000011 	 1 	1 	1 
1.5700000000000012 	 1 	1 	1 
1.6000000000000012 	 1 	1 	1 
1.6300000000000012 	 2 	1 	1 
1.6600000000000013 	 2 	1 	1 
1.6900000000000013 	 2 	1 	1 
1.7200000000000013 	 2 	1 	1 
1.7500000000000013 	 2 	1 	1 
1.7800000000000014 	 2 	1 	1 
1.8100000000000014 	 2 	1 	2 
1.8400000000000014 	 2 	1 	2 
1.8700000000000014 	 2 	1 	2 
1.9000000000000015 	 2 	1 	2 
1.9300000000000015 	 2 	1 	2 
1.9600000000000015 	 2 	1 	2 
1.9900000000000015 	 2 	1 	2 
2.0200000000000014 	 2 	1 	2 
2.0500000000000012 	 2 	1 	2 
2.080000000000001 	 2 	1 	2 
2.1100000000000008 	 2 	1 	2 
2.1400000000000006 	 2 	1 	2 
2.1700000000000004 	 2 	1 	2 
2.2000000000000002 	 2 	1 	2 
2.23 	 2 	1 	2 
2.2599999999999998 	 2 	1 	2 
2.2899999999999996 	 2 	1 	2 
2.3199999999999994 	 2 	1 	2 
2.3499999999999992 	 2 	1 	2 
2.379999999999999 	 2 	1 	2 
2.4099999999999988 	 2 	2 	2 
2.4399999999999986 	 2 	2 	2 
2.4699999999999984 	 2 	2 	2 
2.4999999999999982 	 2 	2 	2 
2.529999999999998 	 2 	2 	2 
2.5599999999999978 	 2 	2 	2 
2.5899999999999976 	 2 	2 	2 
2.6199999999999974 	 2 	2 	2 
2.6499999999999972 	 2 	2 	2 
2.6799999999999971 	 2 	2 	2 
2.7099999999999969 	 2 	2 	2 
2.7399999999999967 	 2 	2 	2 
2.7699999999999965 	 2 	2 	2 
2.7999999999999963 	 2 	2 	2 
2.8299999999999961 	 2 	2 	2 
2.8599999999999959 	 2 	2 	2 
2.8899999999999957 	 2 	2 	2 
2.9199999999999955 	 2 	2 	2 
2.9499999999999953 	 2 	2 	2 
2.9799999999999951 	 2 	2 	2 
3.0099999999999949 	 2 	2 	2 
3.0399999999999947 	 2 	2 	2 
3.0699999999999945 	 2 	2 	2 
3.0999999999999943 	 2 	2 	2 
3.1299999999999941 	 2 	2 	2 
3.1599999999999939 	 2 	2 	2 
3.1899999999999937 	 2 	2 	2 
3.2199999999999935 	 3 	2 	2 
3.2499999999999933 	 4 	2 	2 
3.2799999999999931 	 4 	2 	2 
3.3099999999999929 	 4 	2 	2 
3.3399999999999928 	 4 	2 	2 
3.3699999999999926 	 4 	2 	2 
3.3999999999999924 	 4 	2 	2 
3.4299999999999922 	 4 	2 	4 
3.459999999999992 	 4 	2 	4 
3.4899999999999918 	 4 	2 	4 
3.5199999999999916 	 4 	2 	4 
3.5499999999999914 	 4 	2 	4 
3.5799999999999912 	 4 	2 	4 
3.609999999999991 	 4 	2 	4 
3.6399999999999908 	 4 	2 	4 
3.6699999999999906 	 4 	2 	4 
3.6999999999999904 	 4 	2 	4 
3.7299999999999902 	 4 	2 	4 
3.75999999999999 	 4 	2 	4 
3.7899999999999898 	 4 	2 	4 
3.8199999999999896 	 4 	2 	4 
3.8499999999999894 	 4 	2 	4 
3.8799999999999892 	 4 	2 	4 
3.909999999999989 	 4 	2 	4 
3.9399999999999888 	 4 	2 	4 
3.9699999999999886 	 4 	2 	4 
3.9999999999999885 	 4 	3 	4 
4.0299999999999887 	 4 	4 	4 
4.059999999999989 	 4 	4 	4 
4.0899999999999892 	 4 	4 	4 
4.1199999999999894 	 4 	4 	4 
4.1499999999999897 	 4 	4 	4 
4.1799999999999899 	 4 	4 	4 
4.2099999999999902 	 4 	4 	4 
4.2399999999999904 	 4 	4 	4 
4.2699999999999907 	 4 	4 	4 
4.2999999999999909 	 4 	4 	4 
4.3299999999999912 	 4 	4 	4 
4.3599999999999914 	 4 	4 	4 
4.3899999999999917 	 4 	4 	4 
4.4199999999999919 	 4 	4 	4 
4.4499999999999922 	 4 	4 	4 
4.4799999999999924 	 4 	4 	4 
4.5099999999999927 	 4 	4 	4 
4.5399999999999929 	 4 	4 	4 
4.5699999999999932 	 4 	4 	4 
4.5999999999999934 	 4 	4 	4 
4.6299999999999937 	 4 	4 	4 
4.6599999999999939 	 4 	4 	4 
4.6899999999999942 	 4 	4 	4 
4.7199999999999944 	 4 	4 	4 
4.7499999999999947 	 4 	4 	4 
4.7799999999999949 	 4 	4 	4 
4.8099999999999952 	 4 	4 	4 
4.8399999999999954 	 6 	4 	4 
4.8699999999999957 	 8 	4 	4 
4.8999999999999959 	 8 	4 	4 
4.9299999999999962 	 8 	4 	4 
4.9599999999999964 	 8 	4 	4 
4.9899999999999967 	 8 	4 	4 
5.0199999999999969 	 8 	4 	4 
5.0499999999999972 	 8 	4 	8 
5.0799999999999974 	 8 	4 	8 
5.1099999999999977 	 8 	4 	8 
5.1399999999999979 	 8 	4 	8 
5.1699999999999982 	 8 	4 	8 
5.1999999999999984 	 8 	4 	8 
5.2299999999999986 	 8 	4 	8 
5.2599999999999989 	 8 	4 	8 
5.2899999999999991 	 8 	4 	8 
5.3199999999999994 	 8 	4 	8 
5.3499999999999996 	 8 	4 	8 
5.3799999999999999 	 8 	4 	8 
5.4100000000000001 	 8 	4 	8 
5.4400000000000004 	 8 	4 	8 
5.4700000000000006 	 8 	4 	8 
5.5000000000000009 	 8 	4 	8 
5.5300000000000011 	 8 	4 	8 
5.5600000000000014 	 8 	4 	8 
5.5900000000000016 	 8 	4 	8 
5.6200000000000019 	 8 	7 	8 
5.6500000000000021 	 8 	8 	8 
5.6800000000000024 	 8 	8 	8 
5.7100000000000026 	 8 	8 	8 
5.7400000000000029 	 8 	8 	8 
5.7700000000000031 	 8 	8 	8 
5.8000000000000034 	 8 	8 	8 
5.8300000000000036 	 8 	8 	8 
5.8600000000000039 	 8 	8 	8 
5.8900000000000041 	 8 	8 	8 
5.9200000000000044 	 8 	8 	8 
5.9500000000000046 	 8 	8 	8 
5.9800000000000049 	 8 	8 	8 
6.0100000000000051 	 8 	8 	8 
6.0400000000000054 	 8 	8 	8 
6.0700000000000056 	 8 	8 	8 
6.1000000000000059 	 8 	8 	8 
6.1300000000000061 	 8 	8 	8 
6.1600000000000064 	 8 	8 	8 
6.1900000000000066 	 8 	8 	8 
6.2200000000000069 	 8 	8 	8 
6.2500000000000071 	 8 	8 	8 
6.2800000000000074 	 8 	8 	8 
6.3100000000000076 	 8 	8 	8 
6.3400000000000079 	 8 	8 	8 
6.3700000000000081 	 8 	8 	8 
6.4000000000000083 	 8 	8 	8 
6.4300000000000086 	 8 	8 	8 
6.4600000000000088 	 12 	8 	8 
6.4900000000000091 	 16 	8 	8 
6.5200000000000093 	 16 	8 	8 
6.5500000000000096 	 16 	8 	8 
6.5800000000000098 	 16 	8 	8 
6.6100000000000101 	 16 	8 	8 
6.6400000000000103 	 16 	8 	10 
6.6700000000000106 	 16 	8 	14 
6.7000000000000108 	 16 	8 	16 
6.7300000000000111 	 16 	8 	16 
6.7600000000000113 	 16 	8 	16 
6.7900000000000116 	 16 	8 	16 
6.8200000000000118 	 16 	8 	16 
6.8500000000000121 	 16 	8 	16 
6.8800000000000123 	 16 	8 	16 
6.9100000000000126 	 16 	8 	16 
6.9400000000000128 	 16 	8 	16 
6.9700000000000131 	 16 	8 	16 
7.0000000000000133 	 16 	8 	16 
7.0300000000000136 	 16 	8 	16 
7.0600000000000138 	 16 	8 	16 
7.0900000000000141 	 16 	8 	16 
7.1200000000000143 	 16 	8 	16 
7.1500000000000146 	 16 	8 	16 
7.1800000000000148 	 16 	8 	16 
7.2100000000000151 	 16 	8 	16 
7.2400000000000153 	 16 	12 	16 
7.2700000000000156 	 16 	16 	16 
7.3000000000000158 	 16 	16 	16 
7.3300000000000161 	 16 	16 	16 
7.3600000000000163 	 16 	16 	16 
7.3900000000000166 	 16 	16 	16 
7.4200000000000168 	 16 	16 	16 
7.4500000000000171 	 16 	16 	16 
7.4800000000000173 	 16 	16 	16 
7.5100000000000176 	 16 	16 	16 
7.5400000000000178 	 16 	16 	16 
7.570000000000018 	 16 	16 	16 
7.6000000000000183 	 16 	16 	16 
7.6300000000000185 	 16 	16 	16 
7.6600000000000188 	 16 	16 	16 
7.690000000000019 	 16 	16 	16 
7.7200000000000193 	 16 	16 	16 
7.7500000000000195 	 16 	16 	16 
7.7800000000000198 	 16 	16 	16 
7.81000000000002 	 16 	16 	16 
7.8400000000000203 	 16 	16 	16 
7.8700000000000205 	 16 	16 	16 
7.9000000000000208 	 16 	16 	16 
7.930000000000021 	 16 	16 	16 
7.9600000000000213 	 16 	16 	16 
7.9900000000000215 	 16 	16 	16 
8.0200000000000209 	 16 	16 	16 
8.0500000000000203 	 17 	16 	16 
8.0800000000000196 	 21 	16 	16 
8.110000000000019 	 26 	16 	16 
8.1400000000000183 	 30 	16 	16 
8.1700000000000177 	 32 	16 	16 
8.2000000000000171 	 32 	16 	16 
8.2300000000000164 	 32 	16 	16 
8.2600000000000158 	 32 	16 	19 
8.2900000000000151 	 32 	16 	24 
8.3200000000000145 	 32 	16 	28 
8.3500000000000139 	 32 	16 	32 
8.3800000000000132 	 32 	16 	32 
8.4100000000000126 	 32 	16 	32 
8.4400000000000119 	 32 	16 	32 
8.4700000000000113 	 32 	16 	32 
8.5000000000000107 	 32 	16 	32 
8.53000000000001 	 32 	16 	32 
8.5600000000000094 	 32 	16 	32 
8.5900000000000087 	 32 	16 	32 
8.6200000000000081 	 32 	16 	32 
8.6500000000000075 	 32 	16 	32 
8.6800000000000068 	 32 	16 	32 
8.7100000000000062 	 32 	16 	32 
8.7400000000000055 	 32 	16 	32 
8.7700000000000049 	 32 	16 	32 
8.8000000000000043 	 32 	16 	32 
8.8300000000000036 	 32 	17 	32 
8.860000000000003 	 32 	22 	32 
8.8900000000000023 	 32 	26 	32 
8.9200000000000017 	 32 	31 	32 
8.9500000000000011 	 32 	32 	32 
8.9800000000000004 	 32 	32 	32 
9.0099999999999998 	 32 	32 	32 
9.0399999999999991 	 32 	32 	32 
9.0699999999999985 	 32 	32 	32 
9.0999999999999979 	 32 	32 	32 
9.1299999999999972 	 32 	32 	32 
9.1599999999999966 	 32 	32 	32 
9.1899999999999959 	 32 	32 	32 
9.2199999999999953 	 32 	32 	32 
9.2499999999999947 	 32 	32 	32 
9.279999999999994 	 32 	32 	32 
9.3099999999999934 	 32 	32 	32 
9.3399999999999928 	 32 	32 	32 
9.3699999999999921 	 32 	32 	32 
9.3999999999999915 	 32 	32 	32 
9.4299999999999908 	 32 	32 	32 
9.4599999999999902 	 32 	32 	32 
9.4899999999999896 	 32 	32 	32 
9.5199999999999889 	 32 	32 	32 
9.5499999999999883 	 32 	32 	32 
9.5799999999999876 	 32 	32 	32 
9.609999999999987 	 32 	32 	32 
9.6399999999999864 	 32 	32 	32 
9.6699999999999857 	 35 	32 	32 
9.6999999999999851 	 39 	32 	32 
9.7299999999999844 	 43 	32 	32 
9.7599999999999838 	 48 	32 	32 
9.7899999999999832 	 52 	32 	32 
9.8199999999999825 	 57 	32 	32 
9.8499999999999819 	 61 	32 	32 
9.8799999999999812 	 64 	32 	34 
9.9099999999999806 	 64 	32 	38 
9.93999999999998 	 64 	32 	42 
9.9699999999999793 	 64 	32 	47 
9.9999999999999787 	 64 	32 	51 
10.029999999999978 	 64 	32 	56 
10.059999999999977 	 64 	32 	60 
10.089999999999977 	 64 	32 	64 
10.119999999999976 	 64 	32 	64 
10.149999999999975 	 64 	32 	64 
10.179999999999975 	 64 	32 	64 
10.209999999999974 	 64 	32 	64 
10.239999999999974 	 64 	32 	64 
10.269999999999973 	 64 	32 	64 
10.299999999999972 	 64 	32 	64 
10.329999999999972 	 64 	32 	64 
10.359999999999971 	 64 	32 	64 
10.38999999999997 	 64 	32 	64 
10.41999999999997 	 64 	32 	64 
10.449999999999969 	 64 	35 	64 
10.479999999999968 	 64 	39 	64 
10.509999999999968 	 64 	44 	64 
10.539999999999967 	 64 	48 	64 
10.569999999999967 	 64 	53 	64 
10.599999999999966 	 64 	57 	64 
10.629999999999965 	 64 	61 	64 
10.659999999999965 	 64 	64 	64 
10.689999999999964 	 64 	64 	64 
10.719999999999963 	 64 	64 	64 
10.749999999999963 	 64 	64 	64 
10.779999999999962 	 64 	64 	64 
10.809999999999961 	 64 	64 	64 
10.839999999999961 	 64 	64 	64 
10.86999999999996 	 64 	64 	64 
10.899999999999959 	 64 	64 	64 
10.929999999999959 	 64 	64 	64 
10.959999999999958 	 64 	64 	64 
10.989999999999958 	 64 	64 	64 
11.019999999999957 	 64 	64 	64 
11.049999999999956 	 64 	64 	64 
11.079999999999956 	 64 	64 	64 
11.109999999999955 	 64 	64 	64 
11.139999999999954 	 64 	64 	64 
11.169999999999954 	 64 	64 	64 
11.199999999999953 	 64 	64 	64 
11.229999999999952 	 64 	64 	64 
11.259999999999952 	 64 	64 	64 
11.289999999999951 	 68 	64 	64 
11.319999999999951 	 72 	64 	64 
11.34999999999995 	 77 	64 	64 
11.379999999999949 	 81 	64 	64 
11.409999999999949 	 86 	64 	64 
11.439999999999948 	 90 	64 	64 
11.469999999999947 	 95 	64 	64 
11.499999999999947 	 99 	64 	64 
11.529999999999946 	 104 	64 	64 
11.559999999999945 	 108 	64 	64 
11.589999999999945 	 112 	64 	64 
11.619999999999944 	 117 	64 	64 
11.649999999999944 	 121 	64 	64 
11.679999999999943 	 126 	64 	64 
11.709999999999942 	 128 	64 	66 
11.739999999999942 	 128 	64 	71 
11.769999999999941 	 128 	64 	75 
11.79999999999994 	 128 	64 	79 
11.82999999999994 	 128 	64 	84 
11.859999999999939 	 128 	64 	88 
11.889999999999938 	 128 	64 	93 
11.919999999999938 	 128 	64 	97 
11.949999999999937 	 128 	64 	102 
11.979999999999936 	 128 	64 	106 
12.009999999999936 	 128 	64 	110 
12.039999999999935 	 128 	64 	115 
12.069999999999935 	 128 	64 	119 
12.099999999999934 	 128 	64 	124 
12.129999999999933 	 128 	64 	128 
12.159999999999933 	 128 	69 	128 
12.189999999999932 	 128 	73 	128 
12.219999999999931 	 128 	77 	128 
12.249999999999931 	 128 	82 	128 
12.27999999999993 	 128 	86 	128 
12.309999999999929 	 128 	91 	128 
12.339999999999929 	 128 	95 	128 
12.369999999999928 	 128 	100 	128 
12.399999999999928 	 128 	104 	128 
12.429999999999927 	 128 	109 	128 
12.459999999999926 	 128 	113 	128 
12.489999999999926 	 128 	117 	128 
12.519999999999925 	 128 	122 	128 
12.549999999999924 	 128 	126 	128 
12.579999999999924 	 128 	128 	128 
12.609999999999923 	 128 	128 	128 
12.639999999999922 	 128 	128 	128 
12.669999999999922 	 128 	128 	128 
12.699999999999921 	 128 	128 	128 
12.72999999999992 	 128 	128 	128 
12.75999999999992 	 128 	128 	128 
12.789999999999919 	 128 	128 	128 
12.819999999999919 	 128 	128 	128 
12.849999999999918 	 128 	128 	128 
12.879999999999917 	 129 	128 	128 
12.909999999999917 	 134 	128 	128 
12.939999999999916 	 138 	128 	128 
12.969999999999915 	 142 	128 	128 
12.999999999999915 	 147 	128 	128 
13.029999999999914 	 151 	128 	128 
13.059999999999913 	 156 	128 	128 
13.089999999999913 	 160 	128 	128 
13.119999999999912 	 165 	128 	128 
13.149999999999912 	 169 	128 	128 
13.179999999999911 	 173 	128 	128 
13.20999999999991 	 178 	128 	128 
13.23999999999991 	 182 	128 	128 
13.269999999999909 	 187 	128 	128 
13.299999999999908 	 191 	128 	128 
13.329999999999908 	 196 	128 	128 
13.359999999999907 	 200 	128 	128 
13.389999999999906 	 205 	128 	128 
13.419999999999906 	 209 	128 	128 
13.449999999999905 	 213 	128 	128 
13.479999999999905 	 218 	128 	128 
13.509999999999904 	 222 	128 	128 
13.539999999999903 	 227 	128 	128 
13.569999999999903 	 231 	128 	128 
13.599999999999902 	 236 	128 	128 
13.629999999999901 	 240 	128 	128 
13.659999999999901 	 244 	128 	128 
13.6899999999999 	 249 	128 	128 
13.719999999999899 	 253 	128 	128 
13.749999999999899 	 256 	128 	130 
13.779999999999898 	 256 	128 	134 
13.809999999999897 	 256 	128 	139 
13.839999999999897 	 256 	128 	143 
13.869999999999896 	 256 	128 	147 
13.899999999999896 	 256 	128 	152 
13.929999999999895 	 256 	128 	156 
13.959999999999894 	 256 	128 	161 
13.989999999999894 	 256 	128 	165 
14.019999999999893 	 256 	128 	170 
14.049999999999892 	 256 	128 	174 
14.079999999999892 	 256 	128 	178 
14.109999999999891 	 256 	128 	183 
14.13999999999989 	 256 	128 	187 
14.16999999999989 	 256 	128 	192 
14.199999999999889 	 256 	128 	196 
14.229999999999889 	 256 	128 	199 
14.259999999999888 	 256 	128 	99.5 
14.289999999999887 	 256 	128 	99.5 
14.319999999999887 	 256 	128 	99.5 
14.349999999999886 	 256 	128 	99.5 
14.379999999999885 	 256 	128 	99.5 
14.409999999999885 	 256 	128 	99.5 
14.439999999999884 	 256 	64.5 	99.5 
14.469999999999883 	 256 	64.5 	99.5 
14.499999999999883 	 256 	64.5 	99.5 
14.529999999999882 	 256 	64.5 	99.5 
14.559999999999881 	 256 	64.5 	99.5 
14.589999999999881 	 256 	64.5 	99.5 
14.61999999999988 	 256 	64.5 	99.5 
14.64999999999988 	 256 	64.5 	99.5 
14.679999999999879 	 256 	64.5 	99.5 
14.709999999999878 	 256 	64.5 	99.5 
14.739999999999878 	 256 	64.5 	99.5 
14.769999999999877 	 256 	64.5 	99.5 
14.799999999999876 	 256 	64.5 	99.5 
14.829999999999876 	 256 	64.5 	99.5 
14.859999999999875 	 259 	64.5 	99.5 
14.889999999999874 	 263 	64.5 	99.5 
14.919999999999874 	 268 	64.5 	99.5 
14.949999999999873 	 272 	64.5 	99.5 
14.979999999999873 	 277 	64.5 	99.5 
15.009999999999872 	 281 	64.5 	99.5 
15.039999999999871 	 285 	64.5 	99.5 
15.069999999999871 	 290 	64.5 	99.5 
15.09999999999987 	 294 	64.5 	99.5 
15.129999999999869 	 299 	64.5 	99.5 
15.159999999999869 	 303 	64.5 	99.5 
15.189999999999868 	 308 	64.5 	99.5 
15.219999999999867 	 312 	64.5 	99.5 
15.249999999999867 	 316 	64.5 	99.5 
15.279999999999866 	 321 	64.5 	99.5 
15.309999999999865 	 325 	64.5 	99.5 
15.339999999999865 	 330 	64.5 	99.5 
15.369999999999864 	 334 	64.5 	99.5 
15.399999999999864 	 339 	64.5 	99.5 
15.429999999999863 	 343 	64.5 	99.5 
15.459999999999862 	 347 	64.5 	99.5 
15.489999999999862 	 173.5 	64.5 	99.5 
15.519999999999861 	 173.5 	64.5 	99.5 
15.54999999999986 	 173.5 	64.5 	99.5 
15.57999999999986 	 173.5 	64.5 	99.5 
15.609999999999859 	 173.5 	64.5 	99.5 
15.639999999999858 	 173.5 	64.5 	99.5 
15.669999999999858 	 173.5 	64.5 	99.5 
15.699999999999857 	 173.5 	64.5 	99.5 
15.729999999999857 	 173.5 	64.5 	99.5 
15.759999999999856 	 173.5 	64.5 	99.5 
15.789999999999855 	 173.5 	64.5 	99.5 
15.819999999999855 	 173.5 	64.5 	99.5 
15.849999999999854 	 173.5 	64.5 	99.5 
15.879999999999853 	 173.5 	64.5 	99.5 
15.909999999999853 	 173.5 	64.5 	99.5 
15.939999999999852 	 173.5 	64.5 	99.5 
15.969999999999851 	 173.5 	64.5 	99.5 
15.999999999999851 	 173.5 	64.5 	99.5 
16.029999999999852 	 173.5 	64.5 	99.5 
16.059999999999853 	 173.5 	64.5 	99.5 
16.089999999999854 	 173.5 	64.5 	99.5 
16.119999999999855 	 173.5 	64.5 	99.5 
16.149999999999856 	 173.5 	64.5 	99.5 
16.179999999999858 	 173.5 	64.5 	99.5 
16.209999999999859 	 173.5 	64.5 	99.5 
16.23999999999986 	 173.5 	64.5 	99.5 
16.269999999999861 	 173.5 	64.5 	99.5 
16.299999999999862 	 173.5 	64.5 	99.5 
16.329999999999863 	 173.5 	64.5 	99.5 
16.359999999999864 	 173.5 	64.5 	99.5 
16.389999999999866 	 173.5 	64.5 	99.5 
16.419999999999867 	 173.5 	64.5 	99.5 
16.449999999999868 	 173.5 	64.5 	99.5 
16.479999999999869 	 173.5 	64.5 	99.5 
16.50999999999987 	 173.5 	64.5 	99.5101 
16.539999999999871 	 173.5 	64.5 	99.5101 
16.569999999999872 	 173.5 	64.5155 	99.5101 
16.599999999999874 	 173.5 	64.5155 	99.5101 
16.629999999999875 	 173.5 	64.5155 	99.5101 
16.659999999999876 	 173.5 	64.5155 	99.5101 
16.689999999999877 	 173.5 	64.5155 	99.5101 
16.719999999999878 	 173.5 	64.5155 	99.5101 
16.749999999999879 	 173.5 	64.5155 	99.5101 
16.77999999999988 	 173.5 	64.5155 	99.5101 
16.809999999999881 	 173.5 	64.5155 	99.5101 
16.839999999999883 	 173.5 	64.5155 	99.5101 
16.869999999999884 	 173.5 	64.5155 	99.5101 
16.899999999999885 	 173.5 	64.5155 	99.5101 
16.929999999999886 	 173.5 	64.5155 	99.5101 
16.959999999999887 	 173.5 	64.5155 	99.5101 
16.989999999999888 	 173.5 	64.5155 	99.5101 
17.019999999999889 	 173.5 	64.5155 	99.5101 
17.049999999999891 	 173.5 	64.5155 	99.5101 
17.079999999999892 	 173.5 	64.5155 	99.5101 
17.109999999999893 	 173.5 	64.5155 	99.5101 
17.139999999999894 	 173.5 	64.5155 	99.5101 
17.169999999999895 	 173.5 	64.5155 	99.5101 
17.199999999999896 	 173.5 	64.5155 	99.5101 
17.229999999999897 	 173.5 	64.5155 	99.5101 
17.259999999999899 	 173.5 	64.5155 	99.5101 
17.2899999999999 	 173.5 	64.5155 	99.5101 
17.319999999999901 	 173.5 	64.5155 	99.5101 
17.349999999999902 	 173.5 	64.5155 	99.5101 
17.379999999999903 	 173.5 	64.5155 	99.5101 
17.409999999999904 	 173.5 	64.5155 	99.5101 
17.439999999999905 	 173.5 	64.5155 	99.5101 
17.469999999999906 	 173.5 	64.5155 	99.5101 
17.499999999999908 	 173.5 	64.5155 	99.5101 
17.529999999999909 	 173.5 	64.5155 	99.5101 
17.55999999999991 	 173.5 	64.5155 	99.5101 
17.589999999999911 	 173.5 	64.5155 	99.5101 
17.619999999999912 	 173.5 	64.5155 	99.5101 
17.649999999999913 	 173.5 	64.5155 	99.5101 
17.679999999999914 	 173.5 	64.5155 	99.5101 
17.709999999999916 	 173.5 	64.5155 	99.5101 
17.739999999999917 	 173.5 	64.5155 	99.5101 
17.769999999999918 	 173.506 	64.5155 	99.5101 
17.799999999999919 	 173.506 	64.5155 	99.5101 
17.82999999999992 	 173.506 	64.5155 	99.5101 
17.859999999999921 	 173.506 	64.5155 	99.5101 
17.889999999999922 	 173.506 	64.5155 	99.5101 
17.919999999999924 	 173.506 	64.5155 	99.5101 
17.949999999999925 	 173.506 	64.5155 	99.5101 
17.979999999999926 	 173.506 	64.5155 	99.5101 
18.009999999999927 	 173.506 	64.5155 	99.5101 
18.039999999999928 	 173.506 	64.5155 	99.5101 
18.069999999999929 	 173.506 	64.5155 	99.5101 
18.09999999999993 	 173.506 	64.5155 	99.5101 
18.129999999999932 	 173.506 	64.5155 	99.5101 
18.159999999999933 	 173.506 	64.5155 	99.5101 
18.189999999999934 	 173.506 	64.5155 	99.5101 
18.219999999999935 	 173.506 	64.5155 	99.5101 
18.249999999999936 	 173.506 	64.5155 	99.5101 
18.279999999999937 	 173.506 	64.5155 	99.5101 
18.309999999999938 	 173.506 	64.5155 	99.5101 
18.339999999999939 	 173.506 	64.5155 	99.5101 
18.369999999999941 	 173.506 	64.5155 	99.5101 
18.399999999999942 	 173.506 	64.5155 	99.5101 
18.429999999999943 	 173.506 	64.5155 	99.5101 
18.459999999999944 	 173.506 	64.5155 	99.5101 
18.489999999999945 	 173.506 	64.5155 	99.5101 
18.519999999999946 	 173.506 	64.5155 	99.5101 
18.549999999999947 	 173.506 	64.5155 	99.5101 
18.579999999999949 	 173.506 	64.5155 	99.5101 
18.60999999999995 	 173.506 	64.5155 	99.5101 
18.639999999999951 	 173.506 	64.5155 	99.5101 
18.669999999999952 	 173.506 	64.5155 	99.5101 
18.699999999999953 	 173.506 	64.5155 	99.5101 
18.729999999999954 	 173.506 	64.5155 	99.5101 
18.759999999999955 	 173.506 	64.5155 	99.5101 
18.789999999999957 	 173.506 	64.5155 	99.5101 
18.819999999999958 	 173.506 	64.5155 	99.5101 
18.849999999999959 	 173.506 	64.5155 	99.5101 
18.87999999999996 	 173.506 	64.5155 	99.5101 
18.909999999999961 	 173.506 	64.5155 	99.5101 
18.939999999999962 	 173.506 	64.5155 	99.5101 
18.969999999999963 	 173.506 	64.5155 	99.5101 
18.999999999999964 	 173.506 	64.5155 	99.5101 
19.029999999999966 	 173.506 	64.5155 	99.5101 
19.059999999999967 	 173.506 	64.5155 	99.5101 
19.089999999999968 	 173.506 	64.5155 	99.5101 
19.119999999999969 	 173.506 	64.5155 	99.5101 
19.14999999999997 	 173.506 	64.5155 	99.5101 
19.179999999999971 	 173.506 	64.5155 	99.5101 
19.209999999999972 	 173.506 	64.5155 	99.5101 
19.239999999999974 	 173.506 	64.5155 	1 
19.269999999999975 	 173.506 	64.5155 	1 
19.299999999999976 	 173.506 	64.5155 	1 
19.329999999999977 	 173.506 	64.5155 	1 
19.359999999999978 	 173.506 	64.5155 	1 
19.389999999999979 	 173.506 	64.5155 	1 
19.41999999999998 	 173.506 	64.5155 	1 
19.449999999999982 	 173.506 	1 	1 
19.479999999999983 	 173.506 	1 	1 
19.509999999999984 	 173.506 	1 	1 
19.539999999999985 	 173.506 	1 	1 
19.569999999999986 	 173.506 	1 	1 
19.599999999999987 	 173.506 	1 	1 
19.629999999999988 	 173.506 	1 	1 
19.659999999999989 	 173.506 	1 	1 
19.689999999999991 	 173.506 	1 	1 
19.719999999999992 	 173.506 	1 	1 
19.749999999999993 	 173.506 	1 	1 
19.779999999999994 	 173.506 	1 	1 
19.809999999999995 	 173.506 	1 	1 
19.839999999999996 	 173.506 	1 	1 
19.869999999999997 	 173.506 	1 	1 
19.899999999999999 	 173.506 	1 	1 
19.93 	 173.506 	1 	1 
19.960000000000001 	 173.506 	1 	1 
19.990000000000002 	 173.506 	1 	1 
20.020000000000003 	 173.506 	1 	1 
20.050000000000004 	 173.506 	1 	1 
20.080000000000005 	 173.506 	1 	1 
20.110000000000007 	 1 	1 	1 
20.140000000000008 	 1 	1 	1 
20.170000000000009 	 1 	1 	1 
20.20000000000001 	 1 	1 	1 
20.230000000000011 	 1 	1 	1 
20.260000000000012 	 1 	1 	1 
20.290000000000013 	 1 	1 	1 
20.320000000000014 	 1 	1 	1 
20.350000000000016 	 1 	1 	1 
20.380000000000017 	 1 	1 	1 
20.410000000000018 	 1 	1 	1 
20.440000000000019 	 1 	1 	1 
20.47000000000002 	 1 	1 	1 
20.500000000000021 	 1 	1 	1 
20.530000000000022 	 1 	1 	1 
20.560000000000024 	 1 	1 	1 
20.590000000000025 	 1 	1 	1 
20.620000000000026 	 1 	1 	1 
20.650000000000027 	 1 	1 	1 
20.680000000000028 	 1 	1 	1 
20.710000000000029 	 1 	1 	1 
20.74000000000003 	 1 	1 	1 
20.770000000000032 	 1 	1 	1 
20.800000000000033 	 1 	1 	1 
20.830000000000034 	 1 	1 	1 
20.860000000000035 	 1 	1 	2 
20.890000000000036 	 1 	1 	2 
20.920000000000037 	 1 	1 	2 
20.950000000000038 	 1 	1 	2 
20.98000000000004 	 1 	1 	2 
21.010000000000041 	 1 	1 	2 
21.040000000000042 	 1 	1 	2 
21.070000000000043 	 1 	2 	2 
21.100000000000044 	 1 	2 	2 
21.130000000000045 	 1 	2 	2 
21.160000000000046 	 1 	2 	2 
21.190000000000047 	 1 	2 	2 
21.220000000000049 	 1 	2 	2 
21.25000000000005 	 1 	2 	2 
21.280000000000051 	 1 	2 	2 
21.310000000000052 	 1 	2 	2 
21.340000000000053 	 1 	2 	2 
21.370000000000054 	 1 	2 	2 
21.400000000000055 	 1 	2 	2 
21.430000000000057 	 1 	2 	2 
21.460000000000058 	 1 	2 	2 
21.490000000000059 	 1 	2 	2 
21.52000000000006 	 1 	2 	2 
21.550000000000061 	 1 	2 	2 
21.580000000000062 	 1 	2 	2 
21.610000000000063 	 1 	2 	2 
21.640000000000065 	 1 	2 	2 
21.670000000000066 	 1 	2 	2 
21.700000000000067 	 2 	2 	2 
21.730000000000068 	 2 	2 	2 
21.760000000000069 	 2 	2 	2 
21.79000000000007 	 2 	2 	2 
21.820000000000071 	 2 	2 	2 
21.850000000000072 	 2 	2 	2 
21.880000000000074 	 2 	2 	2 
21.910000000000075 	 2 	2 	2 
21.940000000000076 	 2 	2 	2 
21.970000000000077 	 2 	2 	2 
22.000000000000078 	 2 	2 	2 
22.030000000000079 	 2 	2 	2 
22.06000000000008 	 2 	2 	2 
22.090000000000082 	 2 	2 	2 
22.120000000000083 	 2 	2 	2 
22.150000000000084 	 2 	2 	2 
22.180000000000085 	 2 	2 	2 
22.210000000000086 	 2 	2 	2 
22.240000000000087 	 2 	2 	2 
22.270000000000088 	 2 	2 	2 
22.30000000000009 	 2 	2 	2 
22.330000000000091 	 2 	2 	2 
22.360000000000092 	 2 	2 	2 
22.390000000000093 	 2 	2 	2 
22.420000000000094 	 2 	2 	2 
22.450000000000095 	 2 	2 	3 
22.480000000000096 	 2 	2 	3 
22.510000000000097 	 2 	2 	3 
22.540000000000099 	 2 	2 	3 
22.5700000000001 	 2 	2 	3 
22.600000000000101 	 2 	2 	3 
22.630000000000102 	 2 	2 	3 
22.660000000000103 	 2 	3 	3 
22.690000000000104 	 2 	3 	3 
22.720000000000105 	 2 	3 	3 
22.750000000000107 	 2 	3 	3 
22.780000000000108 	 2 	3 	3 
22.810000000000109 	 2 	3 	3 
22.84000000000011 	 2 	3 	3 
22.870000000000111 	 2 	3 	3 
22.900000000000112 	 2 	3 	3 
22.930000000000113 	 2 	3 	3 
22.960000000000115 	 2 	3 	3 
22.990000000000116 	 2 	3 	3 
23.020000000000117 	 2 	3 	3 
23.050000000000118 	 2 	3 	3 
23.080000000000119 	 2 	3 	3 
23.11000000000012 	 2 	3 	3 
23.140000000000121 	 2 	3 	3 
23.170000000000122 	 2 	3 	3 
23.200000000000124 	 2 	3 	3 
23.230000000000125 	 2 	3 	3 
23.260000000000126 	 2 	3 	3 
23.290000000000127 	 2 	3 	3 
23.320000000000128 	 3 	3 	3 
23.350000000000129 	 3 	3 	3 
23.38000000000013 	 3 	3 	3 
23.410000000000132 	 3 	3 	3 
23.440000000000133 	 3 	3 	3 
23.470000000000134 	 3 	3 	3 
23.500000000000135 	 3 	3 	3 
23.530000000000136 	 3 	3 	3 
23.560000000000137 	 3 	3 	3 
23.590000000000138 	 3 	3 	3 
23.62000000000014 	 3 	3 	3 
23.650000000000141 	 3 	3 	3 
23.680000000000142 	 3 	3 	3 
23.710000000000143 	 3 	3 	3 
23.740000000000144 	 3 	3 	3 
23.770000000000145 	 3 	3 	3 
23.800000000000146 	 3 	3 	3 
23.830000000000148 	 3 	3 	3 
23.860000000000149 	 3 	3 	3 
23.89000000000015 	 3 	3 	3 
23.920000000000151 	 3 	3 	3 
23.950000000000152 	 3 	3 	3 
23.980000000000153 	 3 	3 	3 
24.010000000000154 	 3 	3 	3 
24.040000000000155 	 3 	3 	3 
24.070000000000157 	 3 	3 	4 
24.100000000000158 	 3 	3 	5 
24.130000000000159 	 3 	3 	5 
24.16000000000016 	 3 	3 	5 
24.190000000000161 	 3 	3 	5 
24.220000000000162 	 3 	3 	5 
24.250000000000163 	 3 	3 	5 
24.280000000000165 	 3 	5 	5 
24.310000000000166 	 3 	5 	5 
24.340000000000167 	 3 	5 	5 
24.370000000000168 	 3 	5 	5 
24.400000000000169 	 3 	5 	5 
24.43000000000017 	 3 	5 	5 
24.460000000000171 	 3 	5 	5 
24.490000000000173 	 3 	5 	5 
24.520000000000174 	 3 	5 	5 
24.550000000000175 	 3 	5 	5 
24.580000000000176 	 3 	5 	5 
24.610000000000177 	 3 	5 	5 
24.640000000000178 	 3 	5 	5 
24.670000000000179 	 3 	5 	5 
24.70000000000018 	 3 	5 	5 
24.730000000000182 	 3 	5 	5 
24.760000000000183 	 3 	5 	5 
24.790000000000184 	 3 	5 	5 
24.820000000000185 	 3 	5 	5 
24.850000000000186 	 3 	5 	5 
24.880000000000187 	 3 	5 	5 
24.910000000000188 	 3 	5 	5 
24.94000000000019 	 5 	5 	5 
24.970000000000191 	 5 	5 	5 
25.000000000000192 	 5 	5 	5 
25.030000000000193 	 5 	5 	5 
25.060000000000194 	 5 	5 	5 
25.090000000000195 	 5 	5 	5 
25.120000000000196 	 5 	5 	5 
25.150000000000198 	 5 	5 	5 
25.180000000000199 	 5 	5 	5 
25.2100000000002 	 5 	5 	5 
25.240000000000201 	 5 	5 	5 
25.270000000000202 	 5 	5 	5 
25.300000000000203 	 5 	5 	5 
25.330000000000204 	 5 	5 	5 
25.360000000000205 	 5 	5 	5 
25.390000000000207 	 5 	5 	5 
25.420000000000208 	 5 	5 	5 
25.450000000000209 	 5 	5 	5 
25.48000000000021 	 5 	5 	5 
25.510000000000211 	 5 	5 	5 
25.540000000000212 	 5 	5 	5 
25.570000000000213 	 5 	5 	5 
25.600000000000215 	 5 	5 	5 
25.630000000000216 	 5 	5 	5 
25.660000000000217 	 5 	5 	5 
25.690000000000218 	 5 	5 	7 
25.720000000000219 	 5 	5 	8 
25.75000000000022 	 5 	5 	8 
25.780000000000221 	 5 	5 	8 
25.810000000000223 	 5 	5 	8 
25.840000000000224 	 5 	5 	8 
25.870000000000225 	 5 	5 	8 
25.900000000000226 	 5 	8 	8 
25.930000000000227 	 5 	8 	8 
25.960000000000228 	 5 	8 	8 
25.990000000000229 	 5 	8 	8 
26.020000000000231 	 5 	8 	8 
26.050000000000232 	 5 	8 	8 
26.080000000000233 	 5 	8 	8 
26.110000000000234 	 5 	8 	8 
26.140000000000235 	 5 	8 	8 
26.170000000000236 	 5 	8 	8 
26.200000000000237 	 5 	8 	8 
26.230000000000238 	 5 	8 	8 
26.26000000000024 	 5 	8 	8 
26.290000000000241 	 5 	8 	8 
26.320000000000242 	 5 	8 	8 
26.350000000000243 	 5 	8 	8 
26.380000000000244 	 5 	8 	8 
26.410000000000245 	 5 	8 	8 
26.440000000000246 	 5 	8 	8 
26.470000000000248 	 5 	8 	8 
26.500000000000249 	 5 	8 	8 
26.53000000000025 	 6 	8 	8 
26.560000000000251 	 8 	8 	8 
26.590000000000252 	 8 	8 	8 
26.620000000000253 	 8 	8 	8 
26.650000000000254 	 8 	8 	8 
26.680000000000256 	 8 	8 	8 
26.710000000000257 	 8 	8 	8 
26.740000000000258 	 8 	8 	8 
26.770000000000259 	 8 	8 	8 
26.80000000000026 	 8 	8 	8 
26.830000000000261 	 8 	8 	8 
26.860000000000262 	 8 	8 	8 
26.890000000000263 	 8 	8 	8 
26.920000000000265 	 8 	8 	8 
26.950000000000266 	 8 	8 	8 
26.980000000000267 	 8 	8 	8 
27.010000000000268 	 8 	8 	8 
27.040000000000269 	 8 	8 	8 
27.07000000000027 	 8 	8 	8 
27.100000000000271 	 8 	8 	8 
27.130000000000273 	 8 	8 	8 
27.160000000000274 	 8 	8 	8 
27.190000000000275 	 8 	8 	8 
27.220000000000276 	 8 	8 	8 
27.250000000000277 	 8 	8 	8 
27.280000000000278 	 8 	8 	9 
27.310000000000279 	 8 	8 	11 
27.340000000000281 	 8 	8 	13 
27.370000000000282 	 8 	8 	13 
27.400000000000283 	 8 	8 	13 
27.430000000000284 	 8 	8 	13 
27.460000000000285 	 8 	8 	13 
27.490000000000286 	 8 	9 	13 
27.520000000000287 	 8 	11 	13 
27.550000000000288 	 8 	13 	13 
27.58000000000029 	 8 	13 	13 
27.610000000000291 	 8 	13 	13 
27.640000000000292 	 8 	13 	13 
27.670000000000293 	 8 	13 	13 
27.700000000000294 	 8 	13 	13 
27.730000000000295 	 8 	13 	13 
27.760000000000296 	 8 	13 	13 
27.790000000000298 	 8 	13 	13 
27.820000000000299 	 8 	13 	13 
27.8500000000003 	 8 	13 	13 
27.880000000000301 	 8 	13 	13 
27.910000000000302 	 8 	13 	13 
27.940000000000303 	 8 	13 	13 
27.970000000000304 	 8 	13 	13 
28.000000000000306 	 8 	13 	13 
28.030000000000307 	 8 	13 	13 
28.060000000000308 	 8 	13 	13 
28.090000000000309 	 8 	13 	13 
28.12000000000031 	 8 	13 	13 
28.150000000000311 	 10 	13 	13 
28.180000000000312 	 12 	13 	13 
28.210000000000313 	 13 	13 	13 
28.240000000000315 	 13 	13 	13 
28.270000000000316 	 13 	13 	13 
28.300000000000317 	 13 	13 	13 
28.330000000000318 	 13 	13 	13 
28.360000000000319 	 13 	13 	13 
28.39000000000032 	 13 	13 	13 
28.420000000000321 	 13 	13 	13 
28.450000000000323 	 13 	13 	13 
28.480000000000324 	 13 	13 	13 
28.510000000000325 	 13 	13 	13 
28.540000000000326 	 13 	13 	13 
28.570000000000327 	 13 	13 	13 
28.600000000000328 	 13 	13 	13 
28.630000000000329 	 13 	13 	13 
28.660000000000331 	 13 	13 	13 
28.690000000000332 	 13 	13 	13 
28.720000000000333 	 13 	13 	13 
28.750000000000334 	 13 	13 	13 
28.780000000000335 	 13 	13 	13 
28.810000000000336 	 13 	13 	13 
28.840000000000337 	 13 	13 	13 
28.870000000000339 	 13 	13 	13 
28.90000000000034 	 13 	13 	14 
28.930000000000341 	 13 	13 	16 
28.960000000000342 	 13 	13 	18 
28.990000000000343 	 13 	13 	20 
29.020000000000344 	 13 	13 	20 
29.050000000000345 	 13 	13 	20 
29.080000000000346 	 13 	13 	20 
29.110000000000348 	 13 	14 	20 
29.140000000000349 	 13 	17 	20 
29.17000000000035 	 13 	19 	20 
29.200000000000351 	 13 	20 	20 
29.230000000000352 	 13 	20 	20 
29.260000000000353 	 13 	20 	20 
29.290000000000354 	 13 	20 	20 
29.320000000000356 	 13 	20 	20 
29.350000000000357 	 13 	20 	20 
29.380000000000358 	 13 	20 	20 
29.410000000000359 	 13 	20 	20 
29.44000000000036 	 13 	20 	20 
29.470000000000361 	 13 	20 	20 
29.500000000000362 	 13 	20 	20 
29.530000000000364 	 13 	20 	20 
29.560000000000365 	 13 	20 	20 
29.590000000000366 	 13 	20 	20 
29.620000000000367 	 13 	20 	20 
29.650000000000368 	 13 	20 	20 
29.680000000000369 	 13 	20 	20 
29.71000000000037 	 13 	20 	20 
29.740000000000371 	 13 	20 	20 
29.770000000000373 	 15 	20 	20 
29.800000000000374 	 17 	20 	20 
29.830000000000375 	 19 	20 	20 
29.860000000000376 	 20 	20 	20 
29.890000000000377 	 20 	20 	20 
29.920000000000378 	 20 	20 	20 
29.950000000000379 	 20 	20 	20 
29.980000000000381 	 20 	20 	20 
30.010000000000382 	 20 	20 	20 
30.040000000000383 	 20 	20 	20 
30.070000000000384 	 20 	20 	20 
30.100000000000385 	 20 	20 	20 
30.130000000000386 	 20 	20 	20 
30.160000000000387 	 20 	20 	20 
30.190000000000389 	 20 	20 	20 
30.22000000000039 	 20 	20 	20 
30.250000000000391 	 20 	20 	20 
30.280000000000392 	 20 	20 	20 
30.310000000000393 	 20 	20 	20 
30.340000000000394 	 20 	20 	20 
30.370000000000395 	 20 	20 	20 
30.400000000000396 	 20 	20 	20 
30.430000000000398 	 20 	20 	20 
30.460000000000399 	 20 	20 	20 
30.4900000000004 	 20 	20 	20 
30.520000000000401 	 20 	20 	22 
30.550000000000402 	 20 	20 	24 
30.580000000000403 	 20 	20 	26 
30.610000000000404 	 20 	20 	28 
30.640000000000406 	 20 	20 	30 
30.670000000000407 	 20 	20 	30 
30.700000000000408 	 20 	20 	30 
30.730000000000409 	 20 	22 	30 
30.76000000000041 	 20 	24 	30 
30.790000000000411 	 20 	27 	30 
30.820000000000412 	 20 	29 	30 
30.850000000000414 	 20 	30 	30 
30.880000000000415 	 20 	30 	30 
30.910000000000416 	 20 	30 	30 
30.940000000000417 	 20 	30 	30 
30.970000000000418 	 20 	30 	30 
31.000000000000419 	 20 	30 	30 
31.03000000000042 	 20 	30 	30 
31.060000000000421 	 20 	30 	30 
31.090000000000423 	 20 	30 	30 
31.120000000000424 	 20 	30 	30 
31.150000000000425 	 20 	30 	30 
31.180000000000426 	 20 	30 	30 
31.210000000000427 	 20 	30 	30 
31.240000000000428 	 20 	30 	30 
31.270000000000429 	 20 	30 	30 
31.300000000000431 	 20 	30 	30 
31.330000000000432 	 20 	30 	30 
31.360000000000433 	 20 	30 	30 
31.390000000000434 	 23 	30 	30 
31.420000000000435 	 25 	30 	30 
31.450000000000436 	 27 	30 	30 
31.480000000000437 	 29 	30 	30 
31.510000000000439 	 30 	30 	30 
31.54000000000044 	 30 	30 	30 
31.570000000000441 	 30 	30 	30 
31.600000000000442 	 30 	30 	30 
31.630000000000443 	 30 	30 	30 
31.660000000000444 	 30 	30 	30 
31.690000000000445 	 30 	30 	30 
31.720000000000447 	 30 	30 	30 
31.750000000000448 	 30 	30 	30 
31.780000000000449 	 30 	30 	30 
31.81000000000045 	 30 	30 	30 
31.840000000000451 	 30 	30 	30 
31.870000000000452 	 30 	30 	30 
31.900000000000453 	 30 	30 	30 
31.930000000000454 	 30 	30 	30 
31.960000000000456 	 30 	30 	30 
31.990000000000457 	 30 	30 	30 
32.020000000000458 	 30 	30 	30 
32.050000000000459 	 30 	30 	30 
32.08000000000046 	 30 	30 	30 
32.110000000000461 	 30 	30 	31 
32.140000000000462 	 30 	30 	33 
32.170000000000464 	 30 	30 	35 
32.200000000000465 	 30 	30 	37 
32.230000000000466 	 30 	30 	40 
32.260000000000467 	 30 	30 	42 
32.290000000000468 	 30 	30 	44 
32.320000000000469 	 30 	31 	46 
32.35000000000047 	 30 	32.0312 	46 
32.380000000000472 	 30 	32.0937 	46 
32.410000000000473 	 30 	32.1559 	46 
32.440000000000474 	 30 	32.2492 	46 
32.470000000000475 	 30 	32.3111 	46 
32.500000000000476 	 30 	32.373 	46 
32.530000000000477 	 30 	32.4348 	46 
32.560000000000478 	 30 	32.4348 	46 
32.590000000000479 	 30 	32.4348 	46 
32.620000000000481 	 30 	32.4348 	46 
32.650000000000482 	 30 	32.4348 	46 
32.680000000000483 	 30 	32.4348 	46 
32.710000000000484 	 30 	32.4348 	46 
32.740000000000485 	 30 	32.4348 	46 
32.770000000000486 	 30 	32.4348 	46 
32.800000000000487 	 30 	32.4348 	46 
32.830000000000489 	 30 	32.4348 	46 
32.86000000000049 	 30 	32.4348 	46 
32.890000000000491 	 30 	32.4348 	46 
32.920000000000492 	 30 	32.4348 	46 
32.950000000000493 	 30 	32.4348 	46 
32.980000000000494 	 32 	32.4348 	46 
33.010000000000495 	 34 	32.4348 	46 
33.040000000000497 	 36 	32.4348 	46 
33.070000000000498 	 38 	32.4348 	46 
33.100000000000499 	 40 	32.4348 	46 
33.1300000000005 	 43 	32.4348 	46 
33.160000000000501 	 45 	32.4348 	46 
33.190000000000502 	 46 	32.4348 	46 
33.220000000000503 	 46 	32.4348 	46 
33.250000000000504 	 46 	32.4348 	46 
33.280000000000506 	 46 	32.4348 	46 
33.310000000000507 	 46 	32.4348 	46 
33.340000000000508 	 46 	32.4348 	46 
33.370000000000509 	 46 	32.4348 	46 
33.40000000000051 	 46 	32.4348 	46 
33.430000000000511 	 46 	32.4348 	46 
33.460000000000512 	 46 	32.4348 	46 
33.490000000000514 	 46 	32.4348 	46 
33.520000000000515 	 46 	32.4348 	46 
33.550000000000516 	 46 	32.4348 	46 
33.580000000000517 	 46 	32.4348 	46 
33.610000000000518 	 46 	32.4348 	46 
33.640000000000519 	 46 	32.4348 	46 
33.67000000000052 	 46 	32.4348 	46 
33.700000000000522 	 46 	32.4348 	46 
33.730000000000523 	 46 	32.4348 	47 
33.760000000000524 	 46 	32.4348 	49 
33.790000000000525 	 46 	32.4348 	49.0408 
33.820000000000526 	 46 	32.4348 	49.102 
33.850000000000527 	 46 	32.4348 	49.1427 
33.880000000000528 	 46 	32.4348 	49.1834 
33.910000000000529 	 46 	32.4348 	49.224 
33.940000000000531 	 46 	32.4348 	49.2849 
33.970000000000532 	 46 	32.4348 	49.3255 
34.000000000000533 	 46 	32.4348 	49.3661 
34.030000000000534 	 46 	32.4348 	49.4066 
34.060000000000535 	 46 	32.4964 	49.4066 
34.090000000000536 	 46 	32.5579 	49.4066 
34.120000000000537 	 46 	32.6193 	49.4066 
34.150000000000539 	 46 	32.7112 	49.4066 
34.18000000000054 	 46 	32.7723 	49.4066 
34.210000000000541 	 46 	32.8333 	49.4066 
34.240000000000542 	 46 	32.8942 	49.4066 
34.270000000000543 	 46 	32.9246 	49.4066 
34.300000000000544 	 46 	32.9246 	49.4066 
34.330000000000545 	 46 	32.9246 	49.4066 
34.360000000000547 	 46 	32.9246 	49.4066 
34.390000000000548 	 46 	32.9246 	49.4066 
34.420000000000549 	 46 	32.9246 	49.4066 
34.45000000000055 	 46 	32.9246 	49.4066 
34.480000000000551 	 46 	32.9246 	49.4066 
34.510000000000552 	 46 	32.9246 	49.4066 
34.540000000000553 	 46 	32.9246 	49.4066 
34.570000000000555 	 46 	32.9246 	49.4066 
34.600000000000556 	 48 	32.9246 	49.4066 
34.630000000000557 	 50 	32.9246 	49.4066 
34.660000000000558 	 52 	32.9246 	49.4066 
34.690000000000559 	 55 	32.9246 	49.4066 
34.72000000000056 	 57 	32.9246 	49.4066 
34.750000000000561 	 59 	32.9246 	49.4066 
34.780000000000562 	 61 	32.9246 	49.4066 
34.810000000000564 	 63 	32.9246 	49.4066 
34.840000000000565 	 66 	32.9246 	49.4066 
34.870000000000566 	 68 	32.9246 	49.4066 
34.900000000000567 	 69 	32.9246 	49.4066 
34.930000000000568 	 69 	32.9246 	49.4066 
34.960000000000569 	 69 	32.9246 	49.4066 
34.99000000000057 	 69 	32.9246 	49.4066 
35.020000000000572 	 69 	32.9246 	49.4066 
35.050000000000573 	 69 	32.9246 	49.4066 
35.080000000000574 	 69 	32.9246 	49.4066 
35.110000000000575 	 69 	32.9246 	49.4066 
35.140000000000576 	 69 	32.9246 	49.4066 
35.170000000000577 	 69 	32.9246 	49.4066 
35.200000000000578 	 69 	32.9246 	49.4066 
35.23000000000058 	 69 	32.9246 	49.4066 
35.260000000000581 	 69 	32.9246 	49.4066 
35.290000000000582 	 69 	32.9246 	49.4066 
35.320000000000583 	 69 	32.9246 	49.4066 
35.350000000000584 	 69 	32.9246 	49.447 
35.380000000000585 	 69 	32.9246 	49.4875 
35.410000000000586 	 69 	32.9246 	49.5481 
35.440000000000587 	 69 	32.9246 	49.5884 
35.470000000000589 	 69 	32.9246 	49.6287 
35.50000000000059 	 69 	32.9246 	49.669 
35.530000000000591 	 69 	32.9246 	49.7294 
35.560000000000592 	 69 	32.9246 	49.7696 
35.590000000000593 	 69 	32.9246 	49.8098 
35.620000000000594 	 69 	32.9246 	49.8499 
35.650000000000595 	 69 	32.9246 	49.8901 
35.680000000000597 	 69 	32.9853 	49.9101 
35.710000000000598 	 69 	32.9853 	49.9101 
35.740000000000599 	 69 	33.1366 	49.9101 
35.7700000000006 	 69 	33.2572 	49.9101 
35.800000000000601 	 69 	33.4072 	49.9101 
35.830000000000602 	 69 	33.5268 	49.9101 
35.860000000000603 	 69 	33.646 	49.9101 
35.890000000000605 	 69 	33.7647 	49.9101 
35.920000000000606 	 69 	33.7647 	49.9101 
35.950000000000607 	 69 	33.7647 	49.9101 
35.980000000000608 	 69 	33.7647 	49.9101 
36.010000000000609 	 69 	33.7647 	49.9101 
36.04000000000061 	 69 	33.7647 	49.9101 
36.070000000000611 	 69 	33.7647 	49.9101 
36.100000000000612 	 69 	33.7647 	49.9101 
36.130000000000614 	 69 	33.7647 	49.9101 
36.160000000000615 	 69 	33.7647 	49.9101 
36.190000000000616 	 70 	33.7647 	49.9101 
36.220000000000617 	 72 	33.7647 	49.9101 
36.250000000000618 	 74 	33.7647 	49.9101 
36.280000000000619 	 77 	33.7647 	49.9101 
36.31000000000062 	 79 	33.7647 	49.9101 
36.340000000000622 	 81 	33.7647 	49.9101 
36.370000000000623 	 83 	33.7647 	49.9101 
36.400000000000624 	 83 	33.7647 	49.9101 
36.430000000000625 	 83 	33.7647 	49.9101 
36.460000000000626 	 83 	33.7647 	49.9101 
36.490000000000627 	 83 	33.7647 	49.9101 
36.520000000000628 	 83 	33.7647 	49.9101 
36.55000000000063 	 83 	33.7647 	49.9101 
36.580000000000631 	 83 	33.7647 	49.9101 
36.610000000000632 	 83 	33.7647 	49.9101 
36.640000000000633 	 83 	33.7647 	49.9101 
36.670000000000634 	 83 	33.7647 	49.9101 
36.700000000000635 	 83 	33.7647 	49.9101 
36.730000000000636 	 83 	33.7647 	49.9101 
36.760000000000637 	 83 	33.7647 	49.9101 
36.790000000000639 	 83 	33.7647 	49.9101 
36.82000000000064 	 83 	33.7647 	49.9101 
36.850000000000641 	 83 	33.7647 	49.9101 
36.880000000000642 	 83 	33.7647 	49.9101 
36.910000000000643 	 83 	33.7647 	49.9101 
36.940000000000644 	 83 	33.7647 	49.9301 
36.970000000000645 	 83 	33.7647 	49.9702 
37.000000000000647 	 83 	33.7647 	50.0102 
37.030000000000648 	 83 	33.7647 	50.0502 
37.060000000000649 	 83 	33.7647 	50.15 
37.09000000000065 	 83 	33.7647 	50.2297 
37.120000000000651 	 83 	33.7647 	50.3292 
37.150000000000652 	 83 	33.7647 	50.4086 
37.180000000000653 	 83 	33.7647 	50.5077 
37.210000000000655 	 83 	33.7647 	50.5869 
37.240000000000656 	 83 	33.7647 	50.6659 
37.270000000000657 	 83 	33.7647 	50.7645 
37.300000000000658 	 83 	33.883 	50.7645 
37.330000000000659 	 83 	34.0303 	50.7645 
37.36000000000066 	 83 	34.1477 	50.7645 
37.390000000000661 	 83 	34.2939 	50.7645 
37.420000000000663 	 83 	34.4104 	50.7645 
37.450000000000664 	 83 	34.5265 	50.7645 
37.480000000000665 	 83 	34.671 	50.7645 
37.510000000000666 	 83 	34.7287 	50.7645 
37.540000000000667 	 83 	34.7287 	50.7645 
37.570000000000668 	 83 	34.7287 	50.7645 
37.600000000000669 	 83 	34.7287 	50.7645 
37.63000000000067 	 83 	34.7287 	50.7645 
37.660000000000672 	 83 	34.7287 	50.7645 
37.690000000000673 	 83 	34.7287 	50.7645 
37.720000000000674 	 83 	34.7287 	50.7645 
37.750000000000675 	 83 	34.7287 	50.7645 
37.780000000000676 	 83 	34.7287 	50.7645 
37.810000000000677 	 83 	34.7287 	50.7645 
37.840000000000678 	 83 	34.7287 	50.7645 
37.87000000000068 	 83 	34.7287 	50.7645 
37.900000000000681 	 83 	34.7287 	50.7645 
37.930000000000682 	 83 	34.7287 	50.7645 
37.960000000000683 	 83 	34.7287 	50.7645 
37.990000000000684 	 83 	34.7287 	50.7645 
38.020000000000685 	 83 	34.7287 	50.7645 
38.050000000000686 	 83 	34.7287 	50.7645 
38.080000000000688 	 85 	34.7287 	50.7645 
38.110000000000689 	 86.0116 	34.7287 	50.7645 
38.14000000000069 	 86.0465 	34.7287 	50.7645 
38.170000000000691 	 86.0465 	34.7287 	50.7645 
38.200000000000692 	 86.0465 	34.7287 	50.7645 
38.230000000000693 	 86.0465 	34.7287 	50.7645 
38.260000000000694 	 86.0465 	34.7287 	50.7645 
38.290000000000695 	 86.0465 	34.7287 	50.7645 
38.320000000000697 	 86.0465 	34.7287 	50.7645 
38.350000000000698 	 86.0465 	34.7287 	50.7645 
38.380000000000699 	 86.0465 	34.7287 	50.7645 
38.4100000000007 	 86.0465 	34.7287 	50.7645 
38.440000000000701 	 86.0465 	34.7287 	50.7645 
38.470000000000702 	 86.0465 	34.7287 	50.7645 
38.500000000000703 	 86.0465 	34.7287 	50.7645 
38.530000000000705 	 86.0465 	34.7287 	50.7645 
38.560000000000706 	 86.0465 	34.7287 	50.8236 
38.590000000000707 	 86.0465 	34.7287 	50.9022 
38.620000000000708 	 86.0465 	34.7287 	50.9808 
38.650000000000709 	 86.0465 	34.7287 	51.0788 
38.68000000000071 	 86.0465 	34.7287 	51.157 
38.710000000000711 	 86.0465 	34.7287 	51.2547 
38.740000000000713 	 86.0465 	34.7287 	51.3327 
38.770000000000714 	 86.0465 	34.7287 	51.43 
38.800000000000715 	 86.0465 	34.7287 	51.5078 
38.830000000000716 	 86.0465 	34.7287 	51.6048 
38.860000000000717 	 86.0465 	34.7287 	51.6822 
38.890000000000718 	 86.0465 	34.7575 	51.7403 
38.920000000000719 	 86.0465 	34.9011 	51.7403 
38.95000000000072 	 86.0465 	35.0156 	51.7403 
38.980000000000722 	 86.0465 	35.1581 	51.7403 
39.010000000000723 	 86.0465 	35.2718 	51.7403 
39.040000000000724 	 86.0465 	35.4133 	51.7403 
39.070000000000725 	 86.0465 	35.5261 	51.7403 
39.100000000000726 	 86.0465 	35.6386 	51.7403 
39.130000000000727 	 86.0465 	35.6947 	51.7403 
39.160000000000728 	 86.0465 	35.6947 	51.7403 
39.19000000000073 	 86.0465 	35.6947 	51.7403 
39.220000000000731 	 86.0465 	35.6947 	51.7403 
39.250000000000732 	 86.0465 	35.6947 	51.7403 
39.280000000000733 	 86.0465 	35.6947 	51.7403 
39.310000000000734 	 86.0465 	35.6947 	51.7403 
39.340000000000735 	 86.0465 	35.6947 	51.7403 
39.370000000000736 	 86.0465 	35.6947 	51.7403 
39.400000000000738 	 86.0465 	35.6947 	51.7403 
39.430000000000739 	 86.0465 	35.6947 	51.7403 
39.46000000000074 	 86.0465 	35.6947 	51.7403 
39.490000000000741 	 86.0465 	35.6947 	51.7403 
39.520000000000742 	 86.0465 	35.6947 	51.7403 
39.550000000000743 	 86.0465 	35.6947 	51.7403 
39.580000000000744 	 86.0465 	35.6947 	51.7403 
39.610000000000746 	 86.0465 	35.6947 	51.7403 
39.640000000000747 	 86.0465 	35.6947 	51.7403 
39.670000000000748 	 86.0465 	35.6947 	51.7403 
39.700000000000749 	 86.0465 	35.6947 	51.7403 
39.73000000000075 	 86.0465 	35.6947 	51.7403 
39.760000000000751 	 86.0581 	35.6947 	51.7403 
39.790000000000752 	 86.1162 	35.6947 	51.7403 
39.820000000000753 	 86.1626 	35.6947 	51.7403 
39.850000000000755 	 86.2091 	35.6947 	51.7403 
39.880000000000756 	 86.267 	35.6947 	51.7403 
39.910000000000757 	 86.2902 	35.6947 	51.7403 
39.940000000000758 	 86.2902 	35.6947 	51.7403 
39.970000000000759 	 86.2902 	35.6947 	51.7403 
40.00000000000076 	 86.2902 	35.6947 	51.7403 
40.030000000000761 	 86.2902 	35.6947 	51.7403 
40.060000000000763 	 86.2902 	35.6947 	51.7403 
40.090000000000764 	 86.2902 	35.6947 	51.7403 
40.120000000000765 	 86.2902 	35.6947 	51.7403 
40.150000000000766 	 86.2902 	35.6947 	51.7403 
40.180000000000767 	 86.2902 	35.6947 	51.8175 
40.210000000000768 	 86.2902 	35.6947 	51.9139 
40.240000000000769 	 86.2902 	35.6947 	51.991 
40.270000000000771 	 86.2902 	35.6947 	52.0678 
40.300000000000772 	 86.2902 	35.6947 	52.1638 
40.330000000000773 	 86.2902 	35.6947 	52.2404 
40.360000000000774 	 86.2902 	35.6947 	52.3361 
40.390000000000775 	 86.2902 	35.6947 	52.4125 
40.420000000000776 	 86.2902 	35.6947 	52.5078 
40.450000000000777 	 86.2902 	35.6947 	52.5839 
40.480000000000778 	 86.2902 	35.6947 	52.66 
40.51000000000078 	 86.2902 	35.7507 	52.7169 
40.540000000000781 	 86.2902 	35.8624 	52.7169 
40.570000000000782 	 86.2902 	36.0016 	52.7169 
40.600000000000783 	 86.2902 	36.1126 	52.7169 
40.630000000000784 	 86.2902 	36.2509 	52.7169 
40.660000000000785 	 86.2902 	36.3611 	52.7169 
40.690000000000786 	 86.2902 	36.4984 	52.7169 
40.720000000000788 	 86.2902 	36.6078 	52.7169 
40.750000000000789 	 86.2902 	36.6625 	52.7169 
40.78000000000079 	 86.2902 	36.6625 	52.7169 
40.810000000000791 	 86.2902 	36.6625 	52.7169 
40.840000000000792 	 86.2902 	36.6625 	52.7169 
40.870000000000793 	 86.2902 	36.6625 	52.7169 
40.900000000000794 	 86.2902 	36.6625 	52.7169 
40.930000000000796 	 86.2902 	36.6625 	52.7169 
40.960000000000797 	 86.2902 	36.6625 	52.7169 
40.990000000000798 	 86.2902 	36.6625 	52.7169 
41.020000000000799 	 86.2902 	36.6625 	52.7169 
41.0500000000008 	 86.2902 	36.6625 	52.7169 
41.080000000000801 	 86.2902 	36.6625 	52.7169 
41.110000000000802 	 86.2902 	36.6625 	52.7169 
41.140000000000803 	 86.2902 	36.6625 	52.7169 
41.170000000000805 	 86.2902 	36.6625 	52.7169 
41.200000000000806 	 86.2902 	36.6625 	52.7169 
41.230000000000807 	 86.2902 	36.6625 	52.7169 
41.260000000000808 	 86.2902 	36.6625 	52.7169 
41.290000000000809 	 86.2902 	36.6625 	52.7169 
41.32000000000081 	 86.2902 	36.6625 	52.7169 
41.350000000000811 	 86.2902 	36.6625 	52.7169 
41.380000000000813 	 43.1451 	36.6625 	52.7169 
41.410000000000814 	 43.1451 	36.6625 	52.7169 
41.440000000000815 	 43.1451 	36.6625 	52.7169 
41.470000000000816 	 43.1451 	36.6625 	52.7169 
41.500000000000817 	 43.1451 	36.6625 	52.7169 
41.530000000000818 	 43.1451 	36.6625 	52.7169 
41.560000000000819 	 43.1451 	36.6625 	52.7169 
41.590000000000821 	 43.1451 	36.6625 	52.7169 
41.620000000000822 	 43.1451 	36.6625 	52.7169 
41.650000000000823 	 43.1451 	36.6625 	52.7169 
41.680000000000824 	 43.1451 	36.6625 	52.7169 
41.710000000000825 	 43.1451 	36.6625 	52.7169 
41.740000000000826 	 43.1451 	36.6625 	52.7169 
41.770000000000827 	 43.1451 	36.6625 	52.7359 
41.800000000000828 	 43.1451 	36.6625 	52.8306 
41.83000000000083 	 43.1451 	36.6625 	52.9063 
41.860000000000831 	 43.1451 	36.6625 	53.0007 
41.890000000000832 	 43.1451 	36.6625 	53.0762 
41.920000000000833 	 43.1451 	36.6625 	53.1515 
41.950000000000834 	 43.1451 	36.6625 	53.2455 
41.980000000000835 	 43.1451 	36.6625 	53.3206 
42.010000000000836 	 43.1451 	36.6625 	53.4143 
42.040000000000838 	 43.1451 	36.6625 	53.4891 
42.070000000000839 	 43.1451 	36.6625 	53.5825 
42.10000000000084 	 43.1451 	36.6625 	53.6572 
42.130000000000841 	 43.1451 	36.717 	53.6944 
42.160000000000842 	 43.1451 	36.853 	53.6944 
42.190000000000843 	 43.1451 	36.9614 	53.6944 
42.220000000000844 	 43.1451 	37.0965 	53.6944 
42.250000000000846 	 43.1451 	37.2042 	53.6944 
42.280000000000847 	 43.1451 	37.3384 	53.6944 
42.310000000000848 	 43.1451 	37.4454 	53.6944 
42.340000000000849 	 43.1451 	37.5521 	53.6944 
42.37000000000085 	 43.1451 	37.6319 	53.6944 
42.400000000000851 	 43.1451 	37.6319 	53.6944 
42.430000000000852 	 43.1451 	37.6319 	53.6944 
42.460000000000854 	 43.1451 	37.6319 	53.6944 
42.490000000000855 	 43.1451 	37.6319 	53.6944 
42.520000000000856 	 43.1451 	37.6319 	53.6944 
42.550000000000857 	 43.1451 	37.6319 	53.6944 
42.580000000000858 	 43.1451 	37.6319 	53.6944 
42.610000000000859 	 43.1451 	37.6319 	53.6944 
42.64000000000086 	 43.1451 	37.6319 	53.6944 
42.670000000000861 	 43.1451 	37.6319 	53.6944 
42.700000000000863 	 43.1451 	37.6319 	53.6944 
42.730000000000864 	 43.1451 	37.6319 	53.6944 
42.760000000000865 	 43.1451 	37.6319 	53.6944 
42.790000000000866 	 43.1451 	37.6319 	53.6944 
42.820000000000867 	 43.1451 	37.6319 	53.6944 
42.850000000000868 	 43.1451 	37.6319 	53.6944 
42.880000000000869 	 43.1451 	37.6319 	53.6944 
42.910000000000871 	 43.1451 	37.6319 	53.6944 
42.940000000000872 	 43.1451 	37.6319 	53.6944 
42.970000000000873 	 43.1451 	37.6319 	53.6944 
43.000000000000874 	 43.1683 	37.6319 	53.6944 
43.030000000000875 	 43.1683 	37.6319 	53.6944 
43.060000000000876 	 43.1683 	37.6319 	53.6944 
43.090000000000877 	 43.1683 	37.6319 	53.6944 
43.120000000000879 	 43.1683 	37.6319 	53.6944 
43.15000000000088 	 43.1683 	37.6319 	53.6944 
43.180000000000881 	 43.1683 	37.6319 	53.6944 
43.210000000000882 	 43.1683 	37.6319 	53.6944 
43.240000000000883 	 43.1683 	37.6319 	53.6944 
43.270000000000884 	 43.1683 	37.6319 	53.6944 
43.300000000000885 	 43.1683 	37.6319 	53.6944 
43.330000000000886 	 43.1683 	37.6319 	53.6944 
43.360000000000888 	 43.1683 	37.6319 	53.6944 
43.390000000000889 	 43.1683 	37.6319 	53.7503 
43.42000000000089 	 43.1683 	37.6319 	53.8247 
43.450000000000891 	 43.1683 	37.6319 	53.9175 
43.480000000000892 	 43.1683 	37.6319 	53.9916 
43.510000000000893 	 43.1683 	37.6319 	54.0657 
43.540000000000894 	 43.1683 	37.6319 	54.1581 
43.570000000000896 	 43.1683 	37.6319 	54.2319 
43.600000000000897 	 43.1683 	37.6319 	54.3241 
43.630000000000898 	 43.1683 	37.6319 	54.3977 
43.660000000000899 	 43.1683 	37.6319 	54.4895 
43.6900000000009 	 43.1683 	37.6319 	54.5629 
43.720000000000901 	 43.1683 	37.6319 	54.6545 
43.750000000000902 	 43.1683 	37.7116 	54.6727 
43.780000000000904 	 43.1683 	37.8176 	54.6727 
43.810000000000905 	 43.1683 	37.9496 	54.6727 
43.840000000000906 	 43.1683 	38.0549 	54.6727 
43.870000000000907 	 43.1683 	38.1861 	54.6727 
43.900000000000908 	 43.1683 	38.2907 	54.6727 
43.930000000000909 	 43.1683 	38.4211 	54.6727 
43.96000000000091 	 43.1683 	38.5251 	54.6727 
43.990000000000911 	 43.1683 	38.6029 	54.6727 
44.020000000000913 	 43.1683 	38.6029 	54.6727 
44.050000000000914 	 43.1683 	38.6029 	54.6727 
44.080000000000915 	 43.1683 	38.6029 	54.6727 
44.110000000000916 	 43.1683 	38.6029 	54.6727 
44.140000000000917 	 43.1683 	38.6029 	54.6727 
44.170000000000918 	 43.1683 	38.6029 	54.6727 
44.200000000000919 	 43.1683 	38.6029 	54.6727 
44.230000000000921 	 43.1683 	38.6029 	54.6727 
44.260000000000922 	 43.1683 	38.6029 	54.6727 
44.290000000000923 	 43.1683 	38.6029 	54.6727 
44.320000000000924 	 43.1683 	38.6029 	54.6727 
44.350000000000925 	 43.1683 	38.6029 	54.6727 
44.380000000000926 	 43.1683 	38.6029 	54.6727 
44.410000000000927 	 43.1683 	38.6029 	54.6727 
44.440000000000929 	 43.1683 	38.6029 	54.6727 
44.47000000000093 	 43.1683 	38.6029 	54.6727 
44.500000000000931 	 43.1683 	38.6029 	54.6727 
44.530000000000932 	 43.1683 	38.6029 	54.6727 
44.560000000000933 	 43.1683 	38.6029 	54.6727 
44.590000000000934 	 43.1683 	38.6029 	54.6727 
44.620000000000935 	 43.1683 	38.6029 	54.6727 
44.650000000000936 	 43.1683 	38.6029 	54.6727 
44.680000000000938 	 43.1683 	38.6029 	54.6727 
44.710000000000939 	 43.1683 	38.6029 	54.6727 
44.74000000000094 	 43.1683 	38.6029 	54.6727 
44.770000000000941 	 43.1683 	38.6029 	54.6727 
44.800000000000942 	 43.1683 	38.6029 	54.6727 
44.830000000000943 	 43.1683 	38.6029 	54.6727 
44.860000000000944 	 43.1683 	38.6029 	54.6727 
44.890000000000946 	 43.1683 	38.6029 	54.6727 
44.920000000000947 	 43.1683 	38.6029 	54.6727 
44.950000000000948 	 43.1683 	38.6029 	54.6727 
44.980000000000949 	 43.1683 	38.6029 	54.6727 
45.01000000000095 	 43.1683 	38.6029 	54.7459 
45.040000000000951 	 43.1683 	38.6029 	54.8371 
45.070000000000952 	 43.1683 	38.6029 	54.9101 
45.100000000000954 	 43.1683 	38.6029 	55.0011 
45.130000000000955 	 43.1683 	38.6029 	55.0737 
45.160000000000956 	 43.1683 	38.6029 	55.1463 
45.190000000000957 	 1 	38.6029 	55.2369 
45.220000000000958 	 1 	38.6029 	55.3093 
45.250000000000959 	 1 	38.6029 	55.3997 
45.28000000000096 	 1 	38.6029 	55.4718 
45.310000000000962 	 1 	38.6029 	55.5619 
45.340000000000963 	 1 	38.6029 	55.6339 
45.370000000000964 	 1 	38.6806 	55.6518 
45.400000000000965 	 1 	38.8097 	55.6518 
45.430000000000966 	 1 	38.9127 	55.6518 
45.460000000000967 	 1 	39.041 	55.6518 
45.490000000000968 	 1 	39.1433 	55.6518 
45.520000000000969 	 1 	39.2709 	55.6518 
45.550000000000971 	 1 	39.3727 	55.6518 
45.580000000000972 	 1 	39.4742 	55.6518 
45.610000000000973 	 1 	39.5754 	55.6518 
45.640000000000974 	 1 	39.5754 	55.6518 
45.670000000000975 	 1 	39.5754 	55.6518 
45.700000000000976 	 1 	39.5754 	55.6518 
45.730000000000977 	 1 	39.5754 	55.6518 
45.760000000000979 	 1 	39.5754 	55.6518 
45.79000000000098 	 1 	39.5754 	55.6518 
45.820000000000981 	 1 	39.5754 	55.6518 
45.850000000000982 	 1 	39.5754 	55.6518 
45.880000000000983 	 1 	39.5754 	55.6518 
45.910000000000984 	 1 	39.5754 	55.6518 
45.940000000000985 	 1 	39.5754 	55.6518 
45.970000000000987 	 1 	39.5754 	55.6518 
46.000000000000988 	 1 	39.5754 	55.6518 
46.030000000000989 	 1 	39.5754 	55.6518 
46.06000000000099 	 1 	39.5754 	55.6518 
46.090000000000991 	 1 	39.5754 	55.6518 
46.120000000000992 	 1 	39.5754 	55.6518 
46.150000000000993 	 1 	39.5754 	55.6518 
46.180000000000994 	 1 	39.5754 	55.6518 
46.210000000000996 	 1 	39.5754 	55.6518 
46.240000000000997 	 1 	39.5754 	55.6518 
46.270000000000998 	 1 	39.5754 	55.6518 
46.300000000000999 	 1 	39.5754 	55.6518 
46.330000000001 	 1 	39.5754 	55.6518 
46.360000000001001 	 1 	39.5754 	55.6518 
46.390000000001002 	 1 	39.5754 	55.6518 
46.420000000001004 	 1 	39.5754 	55.6518 
46.450000000001005 	 1 	39.5754 	55.6518 
46.480000000001006 	 1 	39.5754 	55.6518 
46.510000000001007 	 1 	39.5754 	55.6518 
46.540000000001008 	 1 	39.5754 	55.6518 
46.570000000001009 	 1 	39.5754 	55.6518 
46.60000000000101 	 1 	39.5754 	55.6698 
46.630000000001012 	 1 	39.5754 	55.7596 
46.660000000001013 	 1 	39.5754 	55.8313 
46.690000000001014 	 1 	39.5754 	55.9208 
46.720000000001015 	 1 	39.5754 	55.9923 
46.750000000001016 	 1 	39.5754 	56.0815 
46.780000000001017 	 1 	39.5754 	56.1528 
46.810000000001018 	 2 	39.5754 	56.2062 
46.840000000001019 	 2 	39.5754 	56.2951 
46.870000000001021 	 2 	39.5754 	56.3661 
46.900000000001022 	 2 	39.5754 	56.4548 
46.930000000001023 	 2 	39.5754 	56.5256 
46.960000000001024 	 2 	39.5754 	56.614 
46.990000000001025 	 2 	39.6512 	56.6317 
47.020000000001026 	 2 	39.7519 	56.6317 
47.050000000001027 	 2 	39.8776 	56.6317 
47.080000000001029 	 2 	39.9778 	56.6317 
47.11000000000103 	 2 	40.1027 	56.6317 
47.140000000001031 	 2 	40.2023 	56.6317 
47.170000000001032 	 2 	40.3266 	56.6317 
47.200000000001033 	 2 	40.4257 	56.6317 
47.230000000001034 	 2 	40.5245 	56.6317 
47.260000000001035 	 2 	40.5492 	56.6317 
47.290000000001037 	 2 	40.5492 	56.6317 
47.320000000001038 	 2 	40.5492 	56.6317 
47.350000000001039 	 2 	40.5492 	56.6317 
47.38000000000104 	 2 	40.5492 	56.6317 
47.410000000001041 	 2 	40.5492 	56.6317 
47.440000000001042 	 2 	40.5492 	56.6317 
47.470000000001043 	 2 	40.5492 	56.6317 
47.500000000001044 	 2 	40.5492 	56.6317 
47.530000000001046 	 2 	40.5492 	56.6317 
47.560000000001047 	 2 	40.5492 	56.6317 
47.590000000001048 	 2 	40.5492 	56.6317 
47.620000000001049 	 2 	40.5492 	56.6317 
47.65000000000105 	 2 	40.5492 	56.6317 
47.680000000001051 	 2 	40.5492 	56.6317 
47.710000000001052 	 2 	40.5492 	56.6317 
47.740000000001054 	 2 	40.5492 	56.6317 
47.770000000001055 	 2 	40.5492 	56.6317 
47.800000000001056 	 2 	40.5492 	56.6317 
47.830000000001057 	 2 	40.5492 	56.6317 
47.860000000001058 	 2 	40.5492 	56.6317 
47.890000000001059 	 2 	40.5492 	56.6317 
47.92000000000106 	 2 	40.5492 	56.6317 
47.950000000001062 	 2 	40.5492 	56.6317 
47.980000000001063 	 2 	40.5492 	56.6317 
48.010000000001064 	 2 	40.5492 	56.6317 
48.040000000001065 	 2 	40.5492 	56.6317 
48.070000000001066 	 2 	40.5492 	56.6317 
48.100000000001067 	 2 	40.5492 	56.6317 
48.130000000001068 	 2 	40.5492 	56.6317 
48.16000000000107 	 2 	40.5492 	56.6317 
48.190000000001071 	 2 	40.5492 	56.6317 
48.220000000001072 	 2 	40.5492 	56.6846 
48.250000000001073 	 2 	40.5492 	56.7551 
48.280000000001074 	 2 	40.5492 	56.8432 
48.310000000001075 	 2 	40.5492 	56.9135 
48.340000000001076 	 2 	40.5492 	57.0013 
48.370000000001077 	 2 	40.5492 	57.0715 
48.400000000001079 	 2 	40.5492 	57.1415 
48.43000000000108 	 4 	40.5492 	57.194 
48.460000000001081 	 4 	40.5492 	57.2639 
48.490000000001082 	 4 	40.5492 	57.3512 
48.520000000001083 	 4 	40.5492 	57.4209 
48.550000000001084 	 4 	40.5492 	57.5079 
48.580000000001085 	 4 	40.5492 	57.5774 
48.610000000001087 	 4 	40.5985 	57.6122 
48.640000000001088 	 4 	40.7215 	57.6122 
48.670000000001089 	 4 	40.8196 	57.6122 
48.70000000000109 	 4 	40.942 	57.6122 
48.730000000001091 	 4 	41.0396 	57.6122 
48.760000000001092 	 4 	41.1613 	57.6122 
48.790000000001093 	 4 	41.2584 	57.6122 
48.820000000001095 	 4 	41.3794 	57.6122 
48.850000000001096 	 4 	41.476 	57.6122 
48.880000000001097 	 4 	41.5242 	57.6122 
48.910000000001098 	 4 	41.5242 	57.6122 
48.940000000001099 	 4 	41.5242 	57.6122 
48.9700000000011 	 4 	41.5242 	57.6122 
49.000000000001101 	 4 	41.5242 	57.6122 
49.030000000001102 	 4 	41.5242 	57.6122 
49.060000000001104 	 4 	41.5242 	57.6122 
49.090000000001105 	 4 	41.5242 	57.6122 
49.120000000001106 	 4 	41.5242 	57.6122 
49.150000000001107 	 4 	41.5242 	57.6122 
49.180000000001108 	 4 	41.5242 	57.6122 
49.210000000001109 	 4 	41.5242 	57.6122 
49.24000000000111 	 4 	41.5242 	57.6122 
49.270000000001112 	 4 	41.5242 	57.6122 
49.300000000001113 	 4 	41.5242 	57.6122 
49.330000000001114 	 4 	41.5242 	57.6122 
49.360000000001115 	 4 	41.5242 	57.6122 
49.390000000001116 	 4 	41.5242 	57.6122 
49.420000000001117 	 4 	41.5242 	57.6122 
49.450000000001118 	 4 	41.5242 	57.6122 
49.48000000000112 	 4 	41.5242 	57.6122 
49.510000000001121 	 4 	41.5242 	57.6122 
49.540000000001122 	 4 	41.5242 	57.6122 
49.570000000001123 	 4 	41.5242 	57.6122 
49.600000000001124 	 4 	41.5242 	57.6122 
49.630000000001125 	 4 	41.5242 	57.6122 
49.660000000001126 	 4 	41.5242 	57.6122 
49.690000000001127 	 4 	41.5242 	57.6122 
49.720000000001129 	 4 	41.5242 	57.6122 
49.75000000000113 	 4 	41.5242 	57.6122 
49.780000000001131 	 4 	41.5242 	57.6122 
49.810000000001132 	 4 	41.5242 	57.6122 
49.840000000001133 	 4 	41.5242 	57.6816 
49.870000000001134 	 4 	41.5242 	57.7682 
49.900000000001135 	 4 	41.5242 	57.8374 
49.930000000001137 	 4 	41.5242 	57.9238 
49.960000000001138 	 4 	41.5242 	57.9928 
49.990000000001139 	 4 	41.5242 	58.079 
