1.000000	2221.517081
2.000000	2221.517081
3.000000	2221.517081
4.000000	2221.517081
5.000000	2221.517081
6.000000	2221.517081
7.000000	2221.517081
8.000000	2221.517081
9.000000	2221.517081
10.000000	2221.517081
11.000000	2221.517081
12.000000	2221.517081
13.000000	2221.517081
14.000000	2221.517081
15.000000	2221.517081
16.000000	2221.517081
17.000000	2221.517081
18.000000	2221.517081
19.000000	2221.517081
20.000000	2221.517081
21.000000	2221.517081
22.000000	2221.517081
23.000000	2221.517081
24.000000	2221.517081
25.000000	2221.517081
26.000000	2221.517081
27.000000	2221.517081
28.000000	2221.517081
29.000000	2221.517081
30.000000	2221.517081
31.000000	2221.517081
32.000000	2221.517081
33.000000	2221.517081
34.000000	2221.517081
35.000000	2221.517081
36.000000	2221.517081
37.000000	2221.517081
38.000000	2221.517081
39.000000	2221.517081
40.000000	2221.517081
41.000000	2221.517081
42.000000	2221.517081
43.000000	2221.517081
44.000000	2221.517081
45.000000	2221.517081
46.000000	2221.517081
47.000000	2221.517081
48.000000	2221.517081
49.000000	2221.517081
50.000000	2221.517081
51.000000	2221.517081
52.000000	2221.517081
53.000000	2221.517081
54.000000	2221.517081
55.000000	2221.517081
56.000000	2221.517081
57.000000	2221.517081
58.000000	2221.517081
59.000000	2221.517081
60.000000	2221.517081
61.000000	2221.517081
62.000000	2221.517081
63.000000	2221.517081
64.000000	2221.517081
65.000000	2221.517081
66.000000	2221.517081
67.000000	2221.517081
68.000000	2221.517081
69.000000	2221.517081
70.000000	2221.517081
71.000000	2221.517081
72.000000	2221.517081
73.000000	2221.517081
74.000000	2221.517081
75.000000	2221.517081
76.000000	2221.517081
77.000000	2221.517081
78.000000	2221.517081
79.000000	2221.517081
80.000000	2221.517081
81.000000	2221.517081
82.000000	2221.517081
83.000000	2221.517081
84.000000	2221.517081
85.000000	2221.517081
86.000000	2221.517081
87.000000	2221.517081
88.000000	2221.517081
89.000000	2221.517081
90.000000	2221.517081
91.000000	2221.517081
92.000000	2221.517081
93.000000	2221.517081
94.000000	2221.517081
95.000000	2221.517081
96.000000	2221.517081
97.000000	2221.517081
98.000000	2221.517081
99.000000	2221.517081
100.000000	2221.517081
