1.000000	2394.679826
2.000000	2394.679826
3.000000	2394.679826
4.000000	2394.679826
5.000000	2394.679826
6.000000	2394.679826
7.000000	2394.679826
8.000000	2394.679826
9.000000	2394.679826
10.000000	2394.679826
11.000000	2394.679826
12.000000	2394.679826
13.000000	2394.679826
14.000000	2394.679826
15.000000	2394.679826
16.000000	2394.679826
17.000000	2394.679826
18.000000	2394.679826
19.000000	2394.679826
20.000000	2394.679826
21.000000	2394.679826
22.000000	2394.679826
23.000000	2394.679826
24.000000	2394.679826
25.000000	2394.679826
26.000000	2394.679826
27.000000	2394.679826
28.000000	2394.679826
29.000000	2394.679826
30.000000	2394.679826
31.000000	2394.679826
32.000000	2394.679826
33.000000	2394.679826
34.000000	2394.679826
35.000000	2394.679826
36.000000	2394.679826
37.000000	2394.679826
38.000000	2394.679826
39.000000	2394.679826
40.000000	2394.679826
41.000000	2394.679826
42.000000	2394.679826
43.000000	2394.679826
44.000000	2394.679826
45.000000	2394.679826
46.000000	2394.679826
47.000000	2394.679826
48.000000	2394.679826
49.000000	2394.679826
50.000000	2394.679826
51.000000	2394.679826
52.000000	2394.679826
53.000000	2394.679826
54.000000	2394.679826
55.000000	2394.679826
56.000000	2394.679826
57.000000	2394.679826
58.000000	2394.679826
59.000000	2394.679826
60.000000	2394.679826
61.000000	2394.679826
62.000000	2394.679826
63.000000	2394.679826
64.000000	2394.679826
65.000000	2394.679826
66.000000	2394.679826
67.000000	2394.679826
68.000000	2394.679826
69.000000	2394.679826
70.000000	2394.679826
71.000000	2394.679826
72.000000	2394.679826
73.000000	2394.679826
74.000000	2394.679826
75.000000	2394.679826
76.000000	2394.679826
77.000000	2394.679826
78.000000	2394.679826
79.000000	2394.679826
80.000000	2394.679826
81.000000	2394.679826
82.000000	2394.679826
83.000000	2394.679826
84.000000	2394.679826
85.000000	2394.679826
86.000000	2394.679826
87.000000	2394.679826
88.000000	2394.679826
89.000000	2394.679826
90.000000	2394.679826
91.000000	2394.679826
92.000000	2394.679826
93.000000	2394.679826
94.000000	2394.679826
95.000000	2394.679826
96.000000	2394.679826
97.000000	2394.679826
98.000000	2394.679826
99.000000	2394.679826
100.000000	2394.679826
