cbrPacketSize cbrInterval Queue Time Throughput
1000 0.0080000000000000002 2  10ms  339.396149  
1000 0.0080000000000000002 3  10ms  551.023864  
1000 0.0080000000000000002 4  10ms  967.321014  
1000 0.0080000000000000002 5  10ms  1033.424682  
1000 0.0080000000000000002 6  10ms  1051.660177  
1000 0.0080000000000000002 7  10ms  1009.910492  
1000 0.0080000000000000002 8  10ms  999.952952  
1000 0.0080000000000000002 9  10ms  1010.270403  
1000 0.0080000000000000002 10  10ms  1024.546875  
1000 0.0080000000000000002 11  10ms  1055.619199  
1000 0.0080000000000000002 12  10ms  1067.616235  
1000 0.0080000000000000002 13  10ms  1067.616235  
1000 0.0080000000000000002 14  10ms  1031.505156  
1000 0.0080000000000000002 15  10ms  1081.412826  
1000 0.0080000000000000002 16  10ms  1034.264475  
1000 0.0080000000000000002 17  10ms  1053.099821  
1000 0.0080000000000000002 18  10ms  1038.823348  
1000 0.0080000000000000002 19  10ms  1043.382222  
1000 0.0080000000000000002 20  10ms  1022.987261  
1000 0.0080000000000000002 21  10ms  1053.699673  
1000 0.0080000000000000002 22  10ms  1064.736946  
1000 0.0080000000000000002 23  10ms  1037.263734  
1000 0.0080000000000000002 24  10ms  1037.623645  
1000 0.0080000000000000002 25  10ms  1054.659436  
1000 0.0080000000000000002 26  10ms  1013.149691  
1000 0.0080000000000000002 27  10ms  1032.224978  
1000 0.0080000000000000002 28  10ms  1016.988743  
1000 0.0080000000000000002 29  10ms  1014.949247  
1000 0.0080000000000000002 30  10ms  1046.141540
