1000 0.0080000000000000002 10ms 1024.546875  
1000 0.0080000000000000002 11ms 1036.173641  
1000 0.0080000000000000002 12ms 1038.562641  
1000 0.0080000000000000002 13ms 988.886019  
1000 0.0080000000000000002 14ms 948.687670  
1000 0.0080000000000000002 15ms 1046.928999  
1000 0.0080000000000000002 16ms 966.303287  
1000 0.0080000000000000002 17ms 1012.239059  
1000 0.0080000000000000002 18ms 1015.947724  
1000 0.0080000000000000002 19ms 922.609025  
1000 0.0080000000000000002 20ms 1014.247995  
1000 0.0080000000000000002 21ms 927.268909  
1000 0.0080000000000000002 22ms 1010.029259  
1000 0.0080000000000000002 23ms 921.732452  
1000 0.0080000000000000002 24ms 982.899559  
1000 0.0080000000000000002 25ms 901.801931  
1000 0.0080000000000000002 26ms 889.317994  
1000 0.0080000000000000002 27ms 962.958389  
1000 0.0080000000000000002 28ms 873.466977  
1000 0.0080000000000000002 29ms 950.584538  
1000 0.0080000000000000002 30ms 881.006137  
1000 0.0080000000000000002 31ms 863.125500  
1000 0.0080000000000000002 32ms 940.720627  
1000 0.0080000000000000002 33ms 861.189161  
1000 0.0080000000000000002 34ms 980.762310  
1000 0.0080000000000000002 35ms 853.135940  
1000 0.0080000000000000002 36ms 862.482670  
1000 0.0080000000000000002 37ms 869.550390  
1000 0.0080000000000000002 38ms 835.839462  
1000 0.0080000000000000002 39ms 841.348146  
1000 0.0080000000000000002 40ms 817.232925  
1000 0.0080000000000000002 41ms 882.228546  
1000 0.0080000000000000002 42ms 831.848292  
1000 0.0080000000000000002 43ms 842.633750  
1000 0.0080000000000000002 44ms 840.706455  
1000 0.0080000000000000002 45ms 804.479677  
1000 0.0080000000000000002 46ms 878.106936  
1000 0.0080000000000000002 47ms 808.421156  
1000 0.0080000000000000002 48ms 816.088264  
1000 0.0080000000000000002 49ms 813.441789  
1000 0.0080000000000000002 50ms 805.278936  
1000 0.0080000000000000002 51ms 859.835037  
1000 0.0080000000000000002 52ms 785.476040  
1000 0.0080000000000000002 53ms 882.002831  
1000 0.0080000000000000002 54ms 811.482463  
1000 0.0080000000000000002 55ms 804.279369  
1000 0.0080000000000000002 56ms 846.241656  
1000 0.0080000000000000002 57ms 778.601696  
1000 0.0080000000000000002 58ms 799.099007  
1000 0.0080000000000000002 59ms 787.819330  
1000 0.0080000000000000002 60ms 817.789063  
1000 0.0080000000000000002 61ms 802.552420  
1000 0.0080000000000000002 62ms 778.083164  
1000 0.0080000000000000002 63ms 767.043961  
1000 0.0080000000000000002 64ms 763.199316  
1000 0.0080000000000000002 65ms 820.985625  
1000 0.0080000000000000002 66ms 774.454968  
1000 0.0080000000000000002 67ms 801.305286  
1000 0.0080000000000000002 68ms 806.572916  
1000 0.0080000000000000002 69ms 770.594966  
1000 0.0080000000000000002 70ms 805.837407  
1000 0.0080000000000000002 71ms 759.069432  
1000 0.0080000000000000002 72ms 767.694363  
1000 0.0080000000000000002 73ms 763.850058  
1000 0.0080000000000000002 74ms 755.689658  
1000 0.0080000000000000002 75ms 762.635870  
1000 0.0080000000000000002 76ms 760.590099  
1000 0.0080000000000000002 77ms 1026.019079  
1000 0.0080000000000000002 78ms 752.302570  
1000 0.0080000000000000002 79ms 887.168670  
1000 0.0080000000000000002 80ms 783.577905  
1000 0.0080000000000000002 81ms 752.639679  
1000 0.0080000000000000002 82ms 985.207245  
1000 0.0080000000000000002 83ms 895.285253  
1000 0.0080000000000000002 84ms 961.690754  
1000 0.0080000000000000002 85ms 961.681146  
1000 0.0080000000000000002 86ms 960.472746  
1000 0.0080000000000000002 87ms 960.343273  
1000 0.0080000000000000002 88ms 959.974049  
1000 0.0080000000000000002 89ms 959.964459  
1000 0.0080000000000000002 90ms 958.636250  
1000 0.0080000000000000002 91ms 958.626674  
1000 0.0080000000000000002 92ms 958.257482  
1000 0.0080000000000000002 93ms 958.247910  
1000 0.0080000000000000002 94ms 956.799901  
1000 0.0080000000000000002 95ms 956.910212  
1000 0.0080000000000000002 96ms 956.421184  
1000 0.0080000000000000002 97ms 956.411631  
1000 0.0080000000000000002 98ms 954.963699  
1000 0.0080000000000000002 99ms 955.074024  
1000 0.0080000000000000002 100ms 954.585034  
1000 0.0080000000000000002 101ms 954.575499  
1000 0.0080000000000000002 102ms 953.007783  
1000 0.0080000000000000002 103ms 944.368422  
1000 0.0080000000000000002 104ms 943.759701  
1000 0.0080000000000000002 105ms 943.750274  
1000 0.0080000000000000002 106ms 929.957486  
1000 0.0080000000000000002 107ms 912.809057  
1000 0.0080000000000000002 108ms 912.200675  
1000 0.0080000000000000002 109ms 912.191564  
1000 0.0080000000000000002 110ms 899.957699  
1000 0.0080000000000000002 111ms 883.289652  
1000 0.0080000000000000002 112ms 882.681589  
1000 0.0080000000000000002 113ms 882.672774  
1000 0.0080000000000000002 114ms 871.638149  
1000 0.0080000000000000002 115ms 855.330585  
1000 0.0080000000000000002 116ms 854.722826  
1000 0.0080000000000000002 117ms 854.714290  
1000 0.0080000000000000002 118ms 844.998636  
1000 0.0080000000000000002 119ms 829.171348  
1000 0.0080000000000000002 120ms 828.563875  
1000 0.0080000000000000002 121ms 828.555600  
1000 0.0080000000000000002 122ms 819.319940  
1000 0.0080000000000000002 123ms 804.332386  
1000 0.0080000000000000002 124ms 803.725185  
1000 0.0080000000000000002 125ms 803.836991  
1000 0.0080000000000000002 126ms 795.201104  
1000 0.0080000000000000002 127ms 781.173031  
1000 0.0080000000000000002 128ms 780.566085  
1000 0.0080000000000000002 129ms 780.558291  
1000 0.0080000000000000002 130ms 772.162634  
1000 0.0080000000000000002 131ms 758.974129  
1000 0.0080000000000000002 132ms 758.487254  
1000 0.0080000000000000002 133ms 758.479680  
1000 0.0080000000000000002 134ms 750.563866  
1000 0.0080000000000000002 135ms 738.334669  
1000 0.0080000000000000002 136ms 737.728199  
1000 0.0080000000000000002 137ms 737.720833  
1000 0.0080000000000000002 138ms 730.164994  
1000 0.0080000000000000002 139ms 718.295936  
1000 0.0080000000000000002 140ms 717.689691  
1000 0.0080000000000000002 141ms 717.682525  
1000 0.0080000000000000002 142ms 710.606437  
1000 0.0080000000000000002 143ms 699.576726  
1000 0.0080000000000000002 144ms 698.970692  
1000 0.0080000000000000002 145ms 698.963713  
1000 0.0080000000000000002 146ms 692.247517  
1000 0.0080000000000000002 147ms 681.937267  
1000 0.0080000000000000002 148ms 681.331433  
1000 0.0080000000000000002 149ms 681.444435  
1000 0.0080000000000000002 150ms 674.489076  
1000 0.0080000000000000002 151ms 665.018025  
1000 0.0080000000000000002 152ms 664.412385  
1000 0.0080000000000000002 153ms 664.405752  
1000 0.0080000000000000002 154ms 657.690437  
1000 0.0080000000000000002 155ms 648.339729  
1000 0.0080000000000000002 156ms 647.734279  
1000 0.0080000000000000002 157ms 647.847607  
1000 0.0080000000000000002 158ms 641.971277  
1000 0.0080000000000000002 159ms 632.980475  
1000 0.0080000000000000002 160ms 632.494993  
1000 0.0080000000000000002 161ms 632.488679  
1000 0.0080000000000000002 162ms 626.373161  
1000 0.0080000000000000002 163ms 617.981809  
1000 0.0080000000000000002 164ms 617.376711  
1000 0.0080000000000000002 165ms 617.370548  
1000 0.0080000000000000002 166ms 611.734559  
1000 0.0080000000000000002 167ms 603.942600  
1000 0.0080000000000000002 168ms 603.337666  
1000 0.0080000000000000002 169ms 603.331644  
1000 0.0080000000000000002 170ms 597.935577  
1000 0.0080000000000000002 171ms 590.742955  
1000 0.0080000000000000002 172ms 590.138177  
1000 0.0080000000000000002 173ms 590.252061  
1000 0.0080000000000000002 174ms 584.736567  
1000 0.0080000000000000002 175ms 577.185045  
1000 0.0080000000000000002 176ms 576.580427  
1000 0.0080000000000000002 177ms 576.574672  
1000 0.0080000000000000002 178ms 571.778149  
1000 0.0080000000000000002 179ms 564.346826  
1000 0.0080000000000000002 180ms 563.742360  
1000 0.0080000000000000002 181ms 563.856499  
1000 0.0080000000000000002 182ms 559.299824  
1000 0.0080000000000000002 183ms 552.347975  
1000 0.0080000000000000002 184ms 551.743652  
1000 0.0080000000000000002 185ms 551.857907  
1000 0.0080000000000000002 186ms 547.541052  
1000 0.0080000000000000002 187ms 541.188391  
1000 0.0080000000000000002 188ms 540.584203  
1000 0.0080000000000000002 189ms 540.578809  
1000 0.0080000000000000002 190ms 536.501749  
1000 0.0080000000000000002 191ms 530.748219  
1000 0.0080000000000000002 192ms 530.144160  
1000 0.0080000000000000002 193ms 530.258621  
1000 0.0080000000000000002 194ms 524.864576  
1000 0.0080000000000000002 195ms 519.350890  
1000 0.0080000000000000002 196ms 518.746969  
1000 0.0080000000000000002 197ms 518.741793  
1000 0.0080000000000000002 198ms 515.144257  
1000 0.0080000000000000002 199ms 509.151912  
1000 0.0080000000000000002 200ms 508.548117  
