1.000000	1046.141540
2.000000	1046.141540
3.000000	1046.141540
4.000000	1046.141540
5.000000	1046.141540
6.000000	1046.141540
7.000000	1046.141540
8.000000	1046.141540
9.000000	1046.141540
10.000000	1046.141540
11.000000	1046.141540
12.000000	1046.141540
13.000000	1046.141540
14.000000	1046.141540
15.000000	1046.141540
16.000000	1046.141540
17.000000	1046.141540
18.000000	1046.141540
19.000000	1046.141540
20.000000	1046.141540
21.000000	1046.141540
22.000000	1046.141540
23.000000	1046.141540
24.000000	1046.141540
25.000000	1046.141540
26.000000	1046.141540
27.000000	1046.141540
28.000000	1046.141540
29.000000	1046.141540
30.000000	1046.141540
31.000000	1046.141540
32.000000	1046.141540
33.000000	1046.141540
34.000000	1046.141540
35.000000	1046.141540
36.000000	1046.141540
37.000000	1046.141540
38.000000	1046.141540
39.000000	1046.141540
40.000000	1046.141540
41.000000	1046.141540
42.000000	1046.141540
43.000000	1046.141540
44.000000	1046.141540
45.000000	1046.141540
46.000000	1046.141540
47.000000	1046.141540
48.000000	1046.141540
49.000000	1046.141540
50.000000	1046.141540
51.000000	1046.141540
52.000000	1046.141540
53.000000	1046.141540
54.000000	1046.141540
55.000000	1046.141540
56.000000	1046.141540
57.000000	1046.141540
58.000000	1046.141540
59.000000	1046.141540
60.000000	1046.141540
61.000000	1046.141540
62.000000	1046.141540
63.000000	1046.141540
64.000000	1046.141540
65.000000	1046.141540
66.000000	1046.141540
67.000000	1046.141540
68.000000	1046.141540
69.000000	1046.141540
70.000000	1046.141540
71.000000	1046.141540
72.000000	1046.141540
73.000000	1046.141540
74.000000	1046.141540
75.000000	1046.141540
76.000000	1046.141540
77.000000	1046.141540
78.000000	1046.141540
79.000000	1046.141540
80.000000	1046.141540
81.000000	1046.141540
82.000000	1046.141540
83.000000	1046.141540
84.000000	1046.141540
85.000000	1046.141540
86.000000	1046.141540
87.000000	1046.141540
88.000000	1046.141540
89.000000	1046.141540
90.000000	1046.141540
91.000000	1046.141540
92.000000	1046.141540
93.000000	1046.141540
94.000000	1046.141540
95.000000	1046.141540
96.000000	1046.141540
97.000000	1046.141540
98.000000	1046.141540
99.000000	1046.141540
100.000000	1046.141540
