1000 0.0080000000000000002 10 1024.546875  
1000 0.0080000000000000002 15 1046.928999  
1000 0.0080000000000000002 20 1014.247995  
1000 0.0080000000000000002 25 901.801931  
1000 0.0080000000000000002 30 881.006137  
1000 0.0080000000000000002 35 853.135940  
1000 0.0080000000000000002 40 817.232925  
1000 0.0080000000000000002 45 804.479677  
1000 0.0080000000000000002 50 805.278936  
1000 0.0080000000000000002 55 804.279369  
1000 0.0080000000000000002 60 817.789063  
1000 0.0080000000000000002 65 820.985625  
1000 0.0080000000000000002 70 805.837407  
1000 0.0080000000000000002 75 762.635870  
1000 0.0080000000000000002 80 783.577905  
1000 0.0080000000000000002 85 961.681146  
1000 0.0080000000000000002 90 958.636250  
1000 0.0080000000000000002 95 956.910212  
1000 0.0080000000000000002 100 954.585034  
1000 0.0080000000000000002 105 943.750274  
1000 0.0080000000000000002 110 899.957699  
1000 0.0080000000000000002 115 855.330585  
1000 0.0080000000000000002 120 828.563875  
1000 0.0080000000000000002 125 803.836991  
1000 0.0080000000000000002 130 772.162634  
1000 0.0080000000000000002 135 738.334669  
1000 0.0080000000000000002 140 717.689691  
1000 0.0080000000000000002 145 698.963713  
1000 0.0080000000000000002 150 674.489076  
1000 0.0080000000000000002 155 648.339729  
1000 0.0080000000000000002 160 632.494993  
1000 0.0080000000000000002 165 617.370548  
1000 0.0080000000000000002 170 597.935577  
1000 0.0080000000000000002 175 577.185045  
1000 0.0080000000000000002 180 563.742360  
1000 0.0080000000000000002 185 551.857907  
1000 0.0080000000000000002 190 536.501749  
1000 0.0080000000000000002 195 519.350890  
1000 0.0080000000000000002 200 508.548117  
1000 0.0080000000000000002 205 499.063527  
1000 0.0080000000000000002 210 485.628763  
1000 0.0080000000000000002 215 471.716439  
1000 0.0080000000000000002 220 462.953421  
1000 0.0080000000000000002 225 454.191276  
1000 0.0080000000000000002 230 443.155572  
1000 0.0080000000000000002 235 432.240669  
1000 0.0080000000000000002 240 424.319233  
1000 0.0080000000000000002 245 417.475790  
1000 0.0080000000000000002 250 407.162217  
1000 0.0080000000000000002 255 397.208704  
1000 0.0080000000000000002 260 390.965993  
1000 0.0080000000000000002 265 383.886247  
1000 0.0080000000000000002 270 375.969592  
1000 0.0080000000000000002 275 367.575113  
1000 0.0080000000000000002 280 362.172655  
1000 0.0080000000000000002 285 357.368944  
1000 0.0080000000000000002 290 350.173002  
1000 0.0080000000000000002 295 341.542223  
1000 0.0080000000000000002 300 336.261764  
1000 0.0080000000000000002 305 332.178007  
1000 0.0080000000000000002 310 326.180871  
1000 0.0080000000000000002 315 319.586305  
1000 0.0080000000000000002 320 314.188393  
1000 0.0080000000000000002 325 310.584924  
1000 0.0080000000000000002 330 304.590060  
1000 0.0080000000000000002 335 299.432865  
1000 0.0080000000000000002 340 294.993640  
1000 0.0080000000000000002 345 291.391846  
1000 0.0080000000000000002 350 286.116516  
1000 0.0080000000000000002 355 281.200385  
1000 0.0080000000000000002 360 273.535048  
1000 0.0080000000000000002 365 273.521423  
1000 0.0080000000000000002 370 268.965274  
1000 0.0080000000000000002 375 264.409580  
1000 0.0080000000000000002 380 261.408206  
1000 0.0080000000000000002 385 259.124265  
1000 0.0080000000000000002 390 253.613611  
1000 0.0080000000000000002 395 250.015671  
1000 0.0080000000000000002 400 247.015611  
1000 0.0080000000000000002 405 244.732842  
1000 0.0080000000000000002 410 240.657911  
1000 0.0080000000000000002 415 238.017226  
1000 0.0080000000000000002 420 232.509268  
1000 0.0080000000000000002 425 229.988726  
1000 0.0080000000000000002 430 227.348966  
1000 0.0080000000000000002 435 223.753766  
1000 0.0080000000000000002 440 223.025888  
1000 0.0080000000000000002 445 220.745221  
1000 0.0080000000000000002 450 214.761988  
1000 0.0080000000000000002 455 214.034666  
1000 0.0080000000000000002 460 211.038189  
1000 0.0080000000000000002 465 209.475135  
1000 0.0080000000000000002 470 205.643235  
1000 0.0080000000000000002 475 204.438851  
1000 0.0080000000000000002 480 201.443447  
1000 0.0080000000000000002 485 199.164762  
1000 0.0080000000000000002 490 196.066128  
1000 0.0080000000000000002 495 194.877876  
1000 0.0080000000000000002 500 191.883068  
1000 0.0080000000000000002 505 189.739450  
1000 0.0080000000000000002 510 186.640411  
1000 0.0080000000000000002 515 186.511720  
1000 0.0080000000000000002 520 182.457372  
1000 0.0080000000000000002 525 182.448295  
1000 0.0080000000000000002 530 179.349162  
1000 0.0080000000000000002 535 178.160411  
1000 0.0080000000000000002 540 176.718693  
1000 0.0080000000000000002 545 173.022318  
1000 0.0080000000000000002 550 172.191602  
1000 0.0080000000000000002 555 170.988978  
1000 0.0080000000000000002 560 168.844715  
1000 0.0080000000000000002 565 165.851231  
1000 0.0080000000000000002 570 165.020334  
1000 0.0080000000000000002 575 163.831156  
1000 0.0080000000000000002 580 160.957296  
1000 0.0080000000000000002 585 161.320325  
1000 0.0080000000000000002 590 157.862203  
1000 0.0080000000000000002 595 157.496132  
1000 0.0080000000000000002 600 153.799146  
1000 0.0080000000000000002 605 154.149705  
1000 0.0080000000000000002 610 150.810913  
1000 0.0080000000000000002 615 149.621311  
1000 0.0080000000000000002 620 149.494462  
1000 0.0080000000000000002 625 147.110763  
1000 0.0080000000000000002 630 145.921038  
1000 0.0080000000000000002 635 146.749618  
1000 0.0080000000000000002 640 144.126995  
1000 0.0080000000000000002 645 141.970565  
1000 0.0080000000000000002 650 141.138954  
1000 0.0080000000000000002 655 140.068474  
1000 0.0080000000000000002 660 137.076392  
1000 0.0080000000000000002 665 138.155157  
1000 0.0080000000000000002 670 134.099285  
1000 0.0080000000000000002 675 135.167264  
1000 0.0080000000000000002 680 132.305477  
1000 0.0080000000000000002 685 132.776508  
1000 0.0080000000000000002 690 129.914706  
1000 0.0080000000000000002 695 130.396226  
1000 0.0080000000000000002 700 127.524030  
1000 0.0080000000000000002 705 128.602510  
1000 0.0080000000000000002 710 125.143411  
1000 0.0080000000000000002 715 125.734213  
1000 0.0080000000000000002 720 122.872144  
1000 0.0080000000000000002 725 123.224241  
1000 0.0080000000000000002 730 122.630885  
1000 0.0080000000000000002 735 120.962799  
1000 0.0080000000000000002 740 120.359759  
1000 0.0080000000000000002 745 118.572230  
1000 0.0080000000000000002 750 118.098123  
1000 0.0080000000000000002 755 116.301162  
1000 0.0080000000000000002 760 117.737545  
1000 0.0080000000000000002 765 116.060041  
1000 0.0080000000000000002 770 113.197740  
1000 0.0080000000000000002 775 113.798172  
1000 0.0080000000000000002 780 110.926801  
1000 0.0080000000000000002 785 111.288337  
1000 0.0080000000000000002 790 110.814013  
1000 0.0080000000000000002 795 109.017414  
1000 0.0080000000000000002 800 109.140077  
