1.000000	1014.247995
2.000000	1014.247995
3.000000	1014.247995
4.000000	1014.247995
5.000000	1014.247995
6.000000	1014.247995
7.000000	1014.247995
8.000000	1014.247995
9.000000	1014.247995
10.000000	1014.247995
11.000000	1014.247995
12.000000	1014.247995
13.000000	1014.247995
14.000000	1014.247995
15.000000	1014.247995
16.000000	1014.247995
17.000000	1014.247995
18.000000	1014.247995
19.000000	1014.247995
20.000000	1014.247995
21.000000	1014.247995
22.000000	1014.247995
23.000000	1014.247995
24.000000	1014.247995
25.000000	1014.247995
26.000000	1014.247995
27.000000	1014.247995
28.000000	1014.247995
29.000000	1014.247995
30.000000	1014.247995
31.000000	1014.247995
32.000000	1014.247995
33.000000	1014.247995
34.000000	1014.247995
35.000000	1014.247995
36.000000	1014.247995
37.000000	1014.247995
38.000000	1014.247995
39.000000	1014.247995
40.000000	1014.247995
41.000000	1014.247995
42.000000	1014.247995
43.000000	1014.247995
44.000000	1014.247995
45.000000	1014.247995
46.000000	1014.247995
47.000000	1014.247995
48.000000	1014.247995
49.000000	1014.247995
50.000000	1014.247995
51.000000	1014.247995
52.000000	1014.247995
53.000000	1014.247995
54.000000	1014.247995
55.000000	1014.247995
56.000000	1014.247995
57.000000	1014.247995
58.000000	1014.247995
59.000000	1014.247995
60.000000	1014.247995
61.000000	1014.247995
62.000000	1014.247995
63.000000	1014.247995
64.000000	1014.247995
65.000000	1014.247995
66.000000	1014.247995
67.000000	1014.247995
68.000000	1014.247995
69.000000	1014.247995
70.000000	1014.247995
71.000000	1014.247995
72.000000	1014.247995
73.000000	1014.247995
74.000000	1014.247995
75.000000	1014.247995
76.000000	1014.247995
77.000000	1014.247995
78.000000	1014.247995
79.000000	1014.247995
80.000000	1014.247995
81.000000	1014.247995
82.000000	1014.247995
83.000000	1014.247995
84.000000	1014.247995
85.000000	1014.247995
86.000000	1014.247995
87.000000	1014.247995
88.000000	1014.247995
89.000000	1014.247995
90.000000	1014.247995
91.000000	1014.247995
92.000000	1014.247995
93.000000	1014.247995
94.000000	1014.247995
95.000000	1014.247995
96.000000	1014.247995
97.000000	1014.247995
98.000000	1014.247995
99.000000	1014.247995
100.000000	1014.247995
